
0.0926066861 0.2436380237 0.0843684673 0.0673679262 0.0458221100 -0.2724396288 -0.2831027508 0.0611736551 -0.1619062722 -0.0987900272 -0.2351277769 -0.2105972171 -0.3372318149 -0.0621115230 -0.0526561253 0.0009164008 0.0571778305 -0.1297020614 -0.2320429087 -0.1536492109 0.2937791944 0.3095743954 -0.0825459361 0.3131700754 0.2242795825 0.4102621973 0.4407383502 0.3618940413 0.1395427883 0.0374136493 0.2149368525 0.2907588780 
0.2934805155 -0.0634461567 0.2491385490 0.1974906623 -0.1552884579 -0.2373838425 -0.1330287308 0.1890844554 -0.2348308861 -0.0354980342 -0.0106087355 -0.0786954015 -0.3120712638 -0.3083327115 -0.3540529013 -0.0543851890 -0.1832890362 -0.0167007428 0.0151928412 0.1123110279 0.3490557671 0.3435076475 0.0356685407 -0.1860439777 -0.0595426299 -0.2085087746 -0.2732250094 -0.0661318973 -0.3067203164 -0.2753032148 -0.2995046079 -0.3778648674 
0.0869807899 -0.2783668637 0.0050949729 0.0676383972 -0.2807458341 -0.2955607474 0.2225572914 -0.0010176753 -0.2309528142 0.2275504768 0.0382275470 -0.0640087724 0.1104908511 0.1816624850 0.2989099622 -0.1127228588 0.0980636179 0.0092875082 0.0842291787 -0.1760193855 -0.2761638463 -0.2933020890 -0.3805913627 -0.4052921534 -0.0763898939 -0.0637163669 -0.1373446584 -0.1617469192 -0.2728605866 0.0528165624 0.0724359080 0.2511146963 
0.3791145682 0.1285340488 0.2647219896 -0.0581282601 -0.1717195958 0.1248695627 0.2707046270 0.3424606621 0.3465259969 0.2619468868 0.3927032053 0.3429825306 0.2022734731 -0.0189907011 0.4299985170 0.3571745753 0.0251231119 -0.1430021077 -0.0736902729 -0.2976531982 -0.4293089509 -0.4369259477 -0.3369340599 -0.3140180707 -0.2893235981 -0.3882449567 -0.3417250514 -0.0493093356 0.0367651805 -0.1235513166 -0.0748067126 -0.1229896769 
-0.2472449392 -0.0190355200 -0.1809450388 -0.0233058129 0.0135781802 -0.1961050183 -0.2262522578 -0.1398652494 0.0573769957 -0.2282022089 -0.1612950712 0.0413503870 0.1996903419 -0.1638516188 -0.2274811268 0.1901124716 -0.2152792364 -0.1133322716 -0.2062225044 -0.0555015206 0.2517188191 -0.0584915839 -0.2230829149 0.0064013717 0.1209839657 -0.2066604942 -0.0394500569 0.1325268894 -0.1786427349 -0.3644511402 -0.2484767735 0.2629805505 
-0.3276742399 -0.1879118532 0.2383785248 0.3988551199 0.0271667503 0.0561266467 0.2058840245 0.3528690934 0.4735364318 0.4215510786 0.3364312649 0.2167585045 -0.0486292094 0.2309401333 -0.0655224696 -0.2219325304 -0.4027714133 -0.1790954322 0.1087998077 0.0216963869 -0.0802129656 -0.1518852264 0.2457374036 -0.0327871740 -0.1745331287 0.1753325760 0.4335649610 0.3546403050 -0.1173009202 0.1649436802 0.2614297569 0.5078085661 
-0.0990331471 0.1107628345 -0.3272747099 0.1849031299 0.3415744305 0.3108702302 -0.1842942685 -0.2800159454 0.0017292377 0.1833867878 0.0325607285 0.3456502557 0.0789369345 0.2491824180 0.2602670193 0.2174123824 0.3711674809 0.5018885732 -0.1600681245 -0.2258863300 0.0336287916 -0.1724213064 0.1338028312 -0.0225341301 -0.2096730620 -0.3281794190 -0.2468926758 -0.2215006500 0.1444773227 -0.1402047575 -0.1684880704 -0.2592987120 
-0.0305961799 -0.0203638859 -0.1144170165 -0.0735363364 -0.0415753238 0.3097888231 0.1145115346 -0.2034242302 0.2512392998 0.1993657947 0.1116628274 -0.1131650656 -0.0286081620 -0.1927320361 0.3473354578 -0.0526051112 -0.3169652820 -0.0868564546 0.1224983111 0.2767994702 -0.1030311212 -0.2521420419 -0.2527772486 0.0822159350 0.2698606253 -0.2839891315 0.0592596196 -0.1337955743 0.0213451013 -0.1359891742 -0.1547824442 0.1303968430 
0.4194810688 0.1901933700 0.2866290212 0.1212242171 0.1989466846 0.3286425471 0.3842819929 0.0107576130 -0.0223183203 -0.2240505517 -0.2349728793 0.1998982280 0.2242413312 -0.0020591493 -0.3134468794 -0.0769900158 -0.0528338365 0.0491104200 -0.1646110266 0.0319659375 0.0429646932 0.1188510805 -0.0970652699 -0.2834285796 -0.1976030916 0.1921384484 0.2911216319 -0.2858594656 -0.1745367646 0.0837361291 -0.1262417734 0.0551857352 
0.2576012909 0.0331983417 0.0143443989 0.0991413817 -0.1527532041 0.2411483526 0.2015139759 0.1972883493 0.3299225867 0.0753452405 0.2849731445 -0.1651771814 -0.0620546415 0.0119403983 -0.3470370173 -0.2903478146 -0.0506797545 0.3560957611 0.2334884405 0.3751559854 0.1706460416 -0.0673083961 0.2395877391 0.2380970269 0.4687913060 0.2779649496 0.1109448969 -0.2449553162 -0.0714421049 0.3095401525 0.0797029510 0.1493797004 
-0.3072388470 0.0337468237 -0.1797715276 0.2492101192 -0.1369220465 -0.1591530889 -0.1670350879 -0.2062368095 -0.0166580025 -0.0061813393 -0.2801581919 0.1024942473 -0.2029772103 0.2899170518 0.4162664413 -0.0064209062 -0.2590336800 0.1199607030 0.3676830232 0.3879733384 -0.1980685145 0.1436529309 0.3089775443 0.1196048856 -0.1358675510 -0.1296236217 0.1246337071 -0.0009048306 0.0154355634 -0.1518635005 0.1436811537 0.1305959523 
0.3993734419 0.4227018058 0.1895487756 0.1059438661 0.0743193850 0.4715475440 0.3552167714 -0.2862901688 0.2084161490 0.3620768487 0.1760235578 -0.1990591586 -0.4363137186 0.2937812209 0.3651975691 0.0055662198 -0.2268472463 -0.1742619723 0.0953505933 0.1414902806 -0.0978025422 -0.3948772848 -0.2586240172 0.1530874819 0.3362222314 0.2107732892 -0.3972313404 0.0003228040 0.4787019193 0.4958755374 -0.0473469719 -0.3275043070 
0.0327621847 0.2364982218 0.3842754066 -0.1305831373 -0.1408839524 -0.1483426839 0.3518250585 0.1373267174 0.2923231125 0.2178750783 -0.3131724596 0.3372462988 0.3884353340 0.0441478491 0.1392331272 0.0531041399 -0.1851462424 -0.1209195629 0.0115598021 0.1691749841 0.0765508339 0.0878716409 0.0836999640 0.2091565877 -0.0317099392 -0.0178029239 0.3653821647 0.2954095602 0.0178825632 -0.3627296686 -0.3421709239 0.3510533869 
-0.1678700894 -0.2974038422 -0.2463824749 -0.2496827841 0.3902718723 -0.1630873084 -0.1921633631 -0.2295953482 0.0295937322 -0.2251880616 -0.1334542334 -0.3264471889 -0.2934159636 -0.0975878835 -0.0146120042 -0.2885006368 0.0559752211 -0.2692029178 0.0035644001 0.0760841668 -0.1295498163 -0.0849008262 -0.0921714529 -0.2615235150 -0.1138543114 -0.0255377050 -0.1481044143 -0.1657577902 -0.0671894252 0.0077504455 0.1333676577 -0.1617281437 
0.1515515149 0.0685384348 -0.2064686120 -0.2747274041 -0.2293570191 0.1551150382 -0.1497678459 0.1708552837 0.3568187654 0.2198632210 0.1575943977 -0.1536107063 0.1342799515 0.1452427357 0.2401477993 0.2230326980 0.3443734646 -0.1586300135 0.0683990046 -0.1377129108 0.3863997459 0.4052645564 -0.3583231270 -0.4016729891 -0.1917420179 0.2781917155 0.0679115653 0.2451339513 0.0207617655 -0.3466047645 -0.1326211244 -0.3118444681 
-0.2339867502 -0.1084167063 -0.0678624958 -0.0238336045 0.1876833141 0.2043814510 0.4084534645 0.2108919173 0.1328395158 0.3041462600 0.0434659384 0.3629112840 0.2001778632 0.2209929675 -0.0456131548 -0.0760828555 -0.1864464581 -0.0503505506 -0.1477281004 -0.1226680055 