
421.5048828125 673.8106079102 807.6966552734 564.4771728516 -31.3273944855 -270.1895141602 -483.1297302246 -641.1679687500 -83.1197433472 -103.3666839600 -181.7102661133 -431.4900512695 -408.7707214355 -484.8986511230 -749.0513916016 -654.4007568359 -176.7739562988 -420.7193298340 -774.0684204102 -458.3334960938 -330.5573425293 -389.7206420898 -505.2647705078 -181.9883575439 -353.5771179199 -833.9129028320 -703.5974121094 -516.4333496094 -578.3645019531 -484.5683898926 -96.6483383179 112.6098175049 
-552.7958984375 -411.9544372559 -51.4158668518 -234.9398345947 -420.3581237793 -117.9446640015 28.3549728394 34.5163040161 80.8471755981 46.9436111450 -564.1577148438 -1345.2324218750 -1370.7535400391 -1300.5941162109 -1006.4187011719 -755.8998413086 598.7946166992 387.6681823730 60.7406005859 -332.6324157715 -358.9764404297 -200.8107757568 -144.2610626221 -93.9644775391 709.6628417969 1040.1612548828 1158.9284667969 1217.6296386719 1134.9273681641 829.4158935547 491.8089599609 267.0875244141 
-102.9555587769 -127.8494644165 -146.3728485107 -497.0225524902 -544.0687255859 -259.1181945801 34.8530006409 -55.8182487488 80.3540039062 64.7763595581 -158.6153717041 -680.7996826172 -950.5025634766 -319.7280273438 339.9652404785 -169.6559448242 82.0090026855 -46.2933807373 -327.1913452148 -905.3557739258 -713.7227783203 356.2128906250 504.6315002441 -461.1334533691 -145.9622192383 -361.6466369629 -762.9987182617 -833.7313232422 262.7021179199 1243.7947998047 244.3439483643 -670.6401367188 
-363.2409667969 -809.5330200195 -954.0164184570 -19.9355297089 1128.1873779297 578.4829711914 -426.7939147949 -692.7609863281 -607.6102294922 -925.3052368164 -139.0135345459 758.3920898438 410.2575378418 -463.5830383301 -695.0062255859 -487.6349182129 -680.7785644531 -239.8575592041 683.7208862305 450.3288269043 -494.0169677734 -681.9942016602 -406.6570129395 -143.9035491943 -324.5975952148 181.6248168945 428.3846435547 -152.6108398438 -687.8356323242 -428.7626953125 -98.9062652588 -45.6855278015 
263.7787780762 525.1208496094 869.0523681641 844.5641479492 705.3238525391 294.7619934082 -145.4247131348 -146.4342651367 -127.0309829712 -144.0783081055 -171.7695617676 -206.3497009277 -189.2157745361 -345.9940490723 -226.0877380371 -22.6449832916 74.3091812134 -5.9868278503 -412.0469055176 -759.0838012695 -985.7649536133 -729.2378540039 -216.4756469727 214.8148498535 164.0327911377 -60.1268272400 -351.4999694824 -724.2713623047 -588.0593872070 -208.1891174316 159.8888244629 333.0632019043 
-47.0053787231 -346.1752319336 -765.5521240234 -705.4446411133 -140.5392761230 300.3218994141 347.7138977051 24.8098716736 -138.2051391602 -301.0069885254 -441.2291564941 -47.4647521973 330.4935913086 272.1752319336 -180.8478698730 -189.0993499756 -196.1616668701 -252.0141143799 -363.4860839844 -635.7886962891 -914.1185302734 -1045.0192871094 -845.4138793945 -455.3797302246 19.3376808167 175.8794250488 167.6106719971 140.1662902832 236.3547973633 329.9676818848 426.2326049805 497.5409240723 
-105.2413253784 -39.6725311279 -3.6002292633 -155.5614471436 210.8806762695 801.2482299805 104.3864517212 -642.8811035156 -94.0727005005 -162.4616851807 -187.8079986572 -224.1485748291 -170.7853698730 355.4074707031 261.1077270508 -481.6113891602 -34.6747817993 -152.7896423340 -329.9715270996 -472.2919616699 -462.0433654785 -131.2501983643 196.6541595459 -185.7125396729 78.7408370972 33.7477760315 -70.3792037964 -193.0609893799 -433.2977600098 -212.8149414062 225.1407470703 -193.8805084229 
130.0717468262 259.7706604004 121.2559127808 -261.4764709473 -484.6855163574 -67.1993331909 -113.7145767212 -559.7482910156 0.3539505005 585.4676513672 536.1278076172 20.3888816833 -162.5579681396 -120.5359725952 -395.8387756348 -571.1238403320 -309.4929199219 203.2035522461 907.6708374023 846.4898681641 444.4819641113 81.3441162109 -130.6149139404 -117.6741180420 -300.8799743652 -457.4191894531 377.9189147949 446.8493347168 134.3487091064 87.8077468872 8.9837894440 49.5176582336 
-607.6117553711 -665.1441040039 -675.0095214844 -381.3389587402 54.3613128662 -131.8057556152 -26.2609748840 392.3846740723 -595.8194580078 -861.1917114258 -721.1907348633 -160.6604614258 -259.4998474121 -826.1220703125 -23.3329601288 621.0539550781 -227.5406188965 -355.1444396973 21.0315704346 181.0306396484 -1425.4454345703 -1301.8935546875 394.4044799805 608.8276367188 199.0698547363 593.1155395508 787.7815551758 -750.0554199219 -1964.9396972656 -499.4415893555 875.6488647461 276.0552978516 
654.3769531250 768.0711669922 -454.0869445801 -1550.3128662109 -853.3029785156 632.2523803711 533.4086303711 -30.9351825714 610.1810913086 -576.9098510742 -1450.6921386719 -800.0079345703 410.8923950195 546.2366943359 14.2415742874 -167.0237426758 -185.6544036865 -1400.8728027344 -1162.4141845703 -33.1587982178 131.0780029297 -247.4482421875 -421.2881164551 23.9473915100 -802.4799804688 -1311.6973876953 -668.1672363281 -352.9623107910 -716.9309692383 -826.0204467773 -298.2520751953 106.4404296875 
43.2517242432 332.7974853516 581.7261352539 467.9168395996 432.6560974121 437.3141784668 144.7925262451 -401.0697326660 -0.8306126595 -22.2602958679 9.6692161560 217.4463653564 980.3377685547 1317.2028808594 521.7091674805 -332.4075012207 -63.2875595093 -299.3870544434 -513.7820434570 -364.1242370605 379.2140808105 225.6234893799 -225.9902954102 -258.4524841309 -253.5066070557 -343.1398620605 -94.8479003906 287.6857604980 -0.2596659660 -455.8104553223 -340.8193054199 124.5764007568 
-243.3109588623 -42.6092987061 142.0004425049 -303.6833801270 -816.0903320312 -525.2086791992 88.8979797363 295.1252136230 -239.1714324951 -135.2391204834 -376.8008728027 -655.5073242188 -334.4859924316 142.9605102539 254.3691864014 152.3329162598 -168.4618835449 -21.8847274780 61.0700836182 121.0232238770 -33.8664245605 -117.3001022339 -255.4726715088 -441.1677246094 -116.0639114380 110.6608047485 63.8860092163 -19.7418994904 -296.2239685059 -348.8144531250 -244.0346832275 -59.1139793396 
67.4857101440 -57.7537956238 -387.1339111328 -526.1248168945 -229.7156524658 64.3567581177 266.2628173828 330.2247009277 -169.5861206055 -135.8113861084 -358.3456115723 -123.9412460327 232.1225280762 162.8168182373 102.0396041870 224.6304626465 -285.4826660156 -520.9729003906 -398.9807739258 321.2941589355 540.1207885742 198.6001281738 -62.0138816833 -24.8159809113 -225.3655395508 2.8710877895 539.0387573242 575.4689331055 145.7177734375 -93.0998077393 -80.7329101562 -70.3399353027 
146.3532714844 623.2929077148 630.1301269531 -23.1983489990 -547.8593139648 -335.3646850586 -86.0627822876 -84.4043579102 363.0063781738 359.7870178223 -81.3684082031 -220.2334899902 59.1113471985 384.6477661133 401.9153442383 229.4607086182 369.2667541504 200.8506469727 193.8638305664 534.0366821289 861.5308227539 666.0817871094 337.9618225098 132.6783294678 0.1593162417 -130.5655975342 -155.0987091064 -136.3500061035 6.1136217117 -158.1718750000 -193.5206298828 -88.2586746216 
621.4824829102 1134.4338378906 1538.5429687500 1506.2058105469 962.9229736328 71.2594146729 -510.9932250977 -574.1273193359 -6.0494055748 65.0470123291 222.7842254639 617.8364257812 699.9573974609 314.8049926758 -35.9561195374 -244.6208953857 -101.1844863892 -373.2214660645 -594.0043945312 -783.7495727539 -696.4063720703 -693.3125610352 -386.4231262207 -73.4098892212 -65.6888504028 -171.7512969971 -438.9339904785 -560.2593994141 -536.2995605469 -387.1979675293 -98.3769454956 114.4052276611 
-54.7255630493 -373.8705444336 -553.2456665039 -499.6456604004 -212.7184295654 -148.1915435791 -24.5277633667 45.7022247314 22.4621849060 -183.2722930908 -355.9178466797 -249.9455871582 -249.2252197266 -302.0511474609 -331.4878234863 -324.3359375000 337.1204833984 374.6393127441 190.3110809326 -369.0001525879 -860.9840698242 -1024.9807128906 -939.7866210938 -624.7527465820 659.8062133789 940.6015625000 799.2012939453 463.3646240234 99.6290130615 -20.6466941833 55.6758193970 94.5771636963 
-518.2055664062 -463.9709777832 106.9418716431 976.3012695312 1627.6768798828 1349.6733398438 513.1884155273 -358.7465820312 -242.6808319092 -670.1988525391 -1024.4415283203 -1135.3465576172 -755.9664306641 -126.3836441040 294.4363708496 21.2049446106 145.4628753662 102.0631561279 -159.0611267090 -562.5619506836 -732.3241577148 -547.9429321289 -319.9941711426 -10.3536462784 107.0011444092 -26.3498535156 -172.6577148438 -385.0948791504 -492.5114440918 -486.1405334473 -250.4122772217 97.4731521606 
114.8492813110 -102.4111480713 -379.9411621094 -523.8208618164 -635.7684326172 -520.5415649414 -143.1721191406 -45.3917770386 234.1289367676 292.9224548340 41.2901725769 -605.1001586914 -996.0399169922 -657.6625366211 -502.5383605957 -491.2082214355 185.1272125244 568.7872314453 614.5901489258 281.2190246582 -11.3218069077 -82.5119018555 -205.9372711182 -180.9059600830 -339.9815979004 -112.0494155884 581.4341430664 1376.3489990234 1600.2930908203 1255.4920654297 924.5068969727 599.4301147461 
-553.4688110352 -777.4052734375 -896.9995727539 -1018.4222412109 -979.5085449219 -797.4685058594 -442.0209350586 -184.9160308838 547.7672119141 478.2655639648 270.5574340820 76.7491302490 83.0786666870 -44.6537666321 -217.1550903320 -280.6154174805 632.7260131836 918.1517333984 1097.1597900391 629.7196044922 30.0761566162 -254.1361236572 -419.5869750977 -442.7471923828 271.8671569824 308.9995727539 218.4984588623 -231.0597991943 -410.6950683594 -351.4092102051 -481.1519775391 -273.1838073730 
269.3220214844 237.7495880127 -321.0659790039 -706.9263916016 -568.2592163086 -225.3533782959 -57.9257583618 -4.2280402184 35.5186958313 -526.5546264648 -986.8918457031 -581.9705200195 121.5131759644 424.0046081543 334.6298828125 335.4515686035 -653.7520751953 -887.7085571289 -185.6818847656 677.4444580078 780.4249877930 475.5717163086 192.6539306641 -34.3893241882 -453.7012939453 -45.5112609863 101.8078613281 -378.6851806641 -1063.9229736328 -1220.0067138672 -973.8487548828 -570.4671630859 
-57.1947250366 -48.7545547485 -210.4718017578 -280.4386291504 -449.2532653809 -503.3246765137 -259.3467102051 -219.3238067627 -60.9963645935 -88.9355621338 -84.8663024902 9.5139026642 -182.8295898438 -75.4127807617 -78.1679840088 -422.6553039551 31.0096912384 5.3252344131 68.5886001587 210.8398437500 -3.9779677391 213.4754791260 -69.9618301392 -556.6822509766 57.3189926147 16.5459423065 314.1352233887 224.5963287354 -106.0982742310 -178.6878051758 -505.1253356934 -577.5893554688 
219.8976440430 232.1537628174 195.4579772949 75.3799972534 -309.0997619629 -595.3682861328 -654.3189697266 -414.1823425293 343.4195556641 95.6889572144 -29.0001888275 -347.1285095215 -431.7366027832 -503.5454101562 -315.9388122559 -81.5873870850 202.1221008301 102.4917907715 9.9253234863 -286.4810791016 -407.2895507812 -235.9695892334 -144.0006256104 -136.1501617432 -39.0606307983 -31.9920043945 -38.9505958557 -378.5135192871 -573.5650024414 -545.8057250977 -572.2980346680 -460.7872619629 
-206.1883087158 41.6959915161 243.9133758545 296.6364440918 202.2563476562 55.5897789001 202.9710083008 315.9692077637 -330.5901489258 -533.0527343750 -712.3891601562 -571.3891601562 -61.2448921204 329.3026428223 305.3781127930 300.8388671875 -21.5636081696 -219.3099060059 -457.3601379395 -481.6248779297 -138.4248809814 168.0213165283 288.0354919434 174.8459930420 -110.2781066895 -197.3548431396 -121.8857650757 313.4769897461 344.5066528320 158.2175750732 -10.9582128525 -99.8566284180 
-181.6347198486 9.2254972458 373.1009826660 318.8508911133 -14.6173353195 -192.8373565674 -249.0653839111 -115.5261764526 49.7148742676 181.0603332520 -87.8379058838 -299.2074279785 -226.9461517334 -157.0942077637 -77.2611007690 215.1469421387 142.2038574219 -14.3270664215 -54.6380844116 124.5161819458 254.7796630859 321.0957946777 430.0286865234 351.1582946777 -73.9119873047 56.1556587219 220.3942565918 214.3975219727 246.0626373291 304.8255310059 254.6923522949 145.8556976318 
-286.4119873047 -177.4737854004 -188.0479736328 -315.9723205566 -292.7979736328 -68.8535156250 101.4883041382 136.4400634766 -275.4959411621 -238.0479278564 -152.2083129883 -313.7671813965 -152.7925262451 339.7761840820 -74.8960113525 -243.3885955811 60.7986984253 33.0217285156 11.6091289520 -252.6876068115 55.4590492249 445.5763244629 -185.6853485107 -392.0646362305 243.1950531006 279.6164245605 238.1263580322 66.6601638794 -12.8107366562 -108.1210632324 -265.0276184082 -229.2166595459 
186.4511260986 205.9495086670 163.4508972168 65.0664138794 -196.0100708008 -287.9292602539 -129.3012695312 -21.8215980530 -53.1556587219 101.4082489014 142.1841430664 51.5748939514 239.4102172852 373.4676513672 393.3990478516 261.1006774902 -349.1100463867 -208.6439361572 -405.3176574707 -488.7370910645 -308.5981445312 -253.0358886719 -140.4487152100 -144.3041839600 -518.4314575195 -285.5557250977 -415.3919067383 -664.6832275391 -653.0937500000 -549.1147460938 -399.3289794922 -253.2766723633 
90.5282363892 179.2615661621 351.6596374512 54.8844680786 -464.0211486816 -746.7279052734 -349.0303955078 128.2519378662 194.6554107666 195.1289672852 150.0626220703 -323.4688110352 -651.2598266602 132.5513763428 787.8554077148 320.2265625000 180.3144531250 130.7134704590 -323.7011108398 -861.5321655273 -310.2261657715 809.7155761719 852.6500244141 -85.0409011841 -7.6796703339 -574.7353515625 -1060.5670166016 -273.0722656250 1025.8604736328 907.9502563477 -90.1717147827 -244.5308990479 
-516.9140014648 -906.7355957031 -346.3485412598 925.8269042969 822.8198852539 -392.8200683594 -567.5625000000 -95.2825317383 -640.1043701172 -374.8892822266 265.0429992676 -48.6869392395 -838.2916259766 -783.7746582031 -35.7283401489 437.2737426758 -283.6940917969 -46.0023956299 -217.3377532959 -822.1493530273 -646.6241455078 25.3175220490 426.6717224121 351.5900268555 180.5927734375 105.2396621704 -30.6355342865 -200.1787567139 -139.0010986328 -34.4946327209 -177.2594299316 -297.4472961426 
-356.6325378418 -377.1598510742 -325.8070068359 -214.0642242432 98.1406250000 273.7167053223 300.8583374023 187.4886169434 -98.9389572144 -357.8981018066 -760.2733154297 -905.2554931641 -648.7143554688 -211.1985168457 -38.3428039551 -1.1048676968 351.8192443848 360.2744445801 457.3235778809 603.3570556641 345.8685913086 94.8831100464 -146.4273834229 -254.8014678955 90.9152984619 254.2478637695 716.4254760742 613.7964477539 236.5287322998 -87.9696350098 -113.5927963257 -273.3962097168 
158.6906585693 426.4406433105 526.5604248047 93.2175064087 -430.7334289551 -240.9042816162 -274.9935913086 -176.4180603027 554.1704711914 445.8823547363 -121.5856094360 -387.2198486328 64.8365173340 232.9250183105 126.2896347046 169.0893707275 312.2176513672 -9.2268648148 10.1855649948 463.2689819336 715.1829833984 438.2050476074 232.4121704102 169.1624755859 -197.5093841553 113.0714874268 818.2880859375 971.1416015625 664.4439086914 330.4515075684 156.3592224121 119.6680908203 
-171.3354644775 -313.5757751465 -305.5856018066 90.3349533081 218.4561614990 43.1137504578 189.9294891357 372.0061340332 -285.4893798828 -511.2462463379 -639.2639160156 -379.7071228027 -508.7600708008 -791.3916015625 -241.7418670654 474.1250305176 -181.2433929443 -318.0221557617 -308.1787719727 -463.4173889160 -880.7156982422 -1186.8375244141 -350.7729492188 556.6190795898 111.3743972778 201.9328155518 43.7775611877 -274.5364685059 -778.0215454102 -657.2679443359 240.1221313477 267.1456298828 
306.7257995605 105.3304290771 -129.4817657471 -449.5883789062 -552.8259277344 -121.5881958008 152.7268218994 -186.2820892334 289.1008605957 -13.7338581085 -293.5598449707 -305.3728027344 -194.7780914307 100.8383789062 -226.6648101807 -328.8379516602 368.4710083008 -137.1298370361 -441.4402465820 -159.1343078613 106.7438812256 -104.5960617065 -203.3086395264 101.9581146240 65.0154571533 -500.5373535156 -723.7623901367 -333.3127441406 -248.9925231934 -146.9862823486 66.0440216064 295.3526611328 
-271.3633422852 -215.4586486816 -85.0493545532 373.6451721191 939.8283081055 100.3588562012 -655.5737304688 -319.2745056152 -248.0840454102 -437.5675659180 -552.5065307617 -192.5106964111 490.0167846680 -309.7928161621 -594.0874023438 -214.5886993408 -124.0210189819 -296.4057922363 -554.9750976562 -411.5583801270 -242.0103607178 -730.9712524414 -541.0921020508 -229.4700775146 46.3369255066 -7.3602943420 -243.4360046387 -124.2522354126 -149.4014434814 -361.3921813965 -464.7561950684 -522.4705200195 
357.6828613281 226.0785827637 -242.1844787598 -111.3701095581 -182.0782318115 -350.9634094238 -894.6303710938 -761.0538940430 645.6398925781 832.9153442383 305.4215393066 86.1132202148 -304.4532165527 -789.0564575195 -965.2767333984 -713.8286743164 571.3599243164 1025.6159667969 672.2815551758 272.3534240723 -175.3062438965 -480.3383483887 -520.0384521484 -247.6824035645 163.2976684570 213.4304351807 -50.2182083130 -251.9730682373 -476.3647155762 -287.7277832031 -154.2067260742 -152.5527496338 
81.0477142334 -50.2607383728 -125.9913406372 -175.5520629883 -435.4273986816 -841.1250000000 -673.4476318359 -348.7715148926 156.9560852051 10.3266096115 -37.0819320679 78.4958877563 -380.5981140137 -931.8956298828 -700.0375366211 -139.2933044434 181.1466369629 166.0839843750 170.9938659668 8.2554445267 -740.1080932617 -1484.6840820312 -787.6604003906 105.0217056274 81.1346588135 18.2021083832 -203.7022399902 -357.8186340332 -1237.2308349609 -1561.5325927734 -418.3725585938 495.7808837891 
-13.3738069534 -415.5166320801 -893.4454956055 -1245.8890380859 -1478.1578369141 -745.6703491211 421.3853149414 779.4703979492 -125.8609924316 -789.9599609375 -1333.5261230469 -1518.0682373047 -1144.4401855469 -292.7947998047 381.9316406250 158.4772644043 -25.8230361938 -930.0658569336 -1778.9844970703 -1805.8178710938 -1345.3974609375 -697.2509765625 -724.5754394531 -545.5936279297 214.2621917725 -689.5526733398 -1008.1962280273 -478.6741333008 -201.7357940674 -397.7224731445 -392.9413452148 -192.8831634521 
14.4715404510 -177.7532653809 -306.7303466797 -374.8739929199 388.0827941895 659.2860107422 -318.3973083496 -561.0690307617 -52.1285133362 -75.1528091431 -386.8751220703 -139.4371185303 687.4967041016 145.3754882812 -1056.7246093750 -378.2352905273 -267.7077331543 -465.0709533691 -417.8832092285 369.1080322266 615.8578491211 -994.1256713867 -1236.3369140625 93.4088211060 -335.0491943359 -217.7118072510 204.4510192871 297.3230285645 -645.8394165039 -1211.8975830078 -403.0738525391 238.0163269043 
-147.7502288818 544.5628662109 437.4152221680 -592.7265014648 -1004.8084106445 -461.7934875488 203.6002655029 -147.0436706543 139.0949401855 478.7766113281 -369.9216308594 -996.7376708984 -640.7314453125 -163.9364471436 -379.9802856445 -682.9730834961 156.3561096191 198.4578857422 -416.5932617188 -533.6461181641 -315.3803710938 -424.3226623535 -730.2862548828 -581.5094604492 170.2882385254 3.6671922207 -501.2574768066 -285.1091918945 -206.0181884766 -449.4281311035 -372.7585754395 -65.2976150513 
-451.7590332031 -423.7715148926 -230.5639648438 31.3479576111 283.1711120605 -60.4566459656 -149.2487792969 147.5113372803 -224.5653686523 -421.7861633301 -575.6288452148 -485.8774719238 -243.8298950195 -8.6244335175 515.1665039062 254.2865295410 -92.5696563721 -204.6002197266 -348.4354858398 -395.2828979492 -418.0858154297 18.4606094360 443.0549621582 55.5394706726 -78.7435913086 -98.3606033325 -272.6905212402 -308.5541381836 210.5142517090 326.2842102051 -15.0766801834 -145.2962341309 
-75.0602874756 -271.1581115723 -304.1875610352 176.2639007568 360.2940368652 -47.5042343140 -264.9553222656 -93.7221221924 -33.3270988464 -108.4034118652 70.9662704468 86.8686447144 -327.2939453125 -370.6681213379 -82.5625305176 -77.6703567505 -102.9643402100 64.8119201660 -20.8149700165 -217.8456726074 -191.5538787842 191.8448028564 109.6133651733 118.3549957275 -438.6023864746 -432.6490173340 -311.4776611328 -96.6948471069 -77.1875076294 -169.8444519043 -170.1573028564 -162.3417663574 
753.7233276367 806.5773925781 367.1961975098 -413.3492736816 -1257.6072998047 -1238.6788330078 -777.6835327148 -398.2521667480 626.2675781250 1147.4212646484 1487.7570800781 1004.2548828125 444.2557373047 -61.3626098633 -588.1444091797 -727.2816162109 165.2073974609 292.1127929688 194.3807525635 294.5598449707 610.8999023438 522.8754882812 -410.9313049316 -560.1447753906 24.9217777252 -356.6433410645 -479.5750732422 -419.9714355469 -45.7888984680 -304.9568481445 -342.4141845703 -161.1548614502 
-434.1481628418 -692.4816284180 -545.8820190430 -423.4819641113 -491.3364868164 -394.4510803223 -3.6319408417 269.1324768066 -527.3951416016 -672.6609497070 -722.2525634766 -725.9187011719 -661.1151733398 -126.1789016724 249.3111419678 100.9280090332 -241.8724517822 -524.7255859375 -816.8551025391 -860.6878051758 -551.7074584961 -213.5489044189 -304.8509216309 -359.7478332520 257.2086486816 297.6070556641 -46.4411468506 -371.6783752441 -537.5570068359 -700.1443481445 -760.8192749023 -548.3208618164 
-391.0506896973 -498.9706115723 -362.0940856934 -349.5135192871 -194.0111541748 86.3271942139 326.3562011719 285.1139221191 -253.3704528809 -682.0215454102 -1193.5985107422 -1099.2355957031 -397.9758300781 12.7240495682 258.7605285645 149.5602722168 309.7881164551 165.6517333984 -38.3190841675 108.2596511841 72.1029815674 -251.8181610107 -260.5877075195 -193.6841888428 26.0182437897 101.8642883301 695.4968261719 830.0805053711 163.3159790039 -292.6222229004 -626.4110717773 -403.0541992188 
-39.1919860840 313.2298583984 405.7275695801 11.2089843750 -320.4049377441 -519.0147094727 -466.0287780762 -229.7245635986 204.4398040771 174.0597534180 -351.3151550293 -488.2127380371 -352.8888854980 -187.1085510254 -97.8511962891 124.0754470825 3.2374811172 -444.9173583984 -603.9571533203 -309.1956787109 -191.6560363770 -110.1587295532 10.6498327255 62.7010917664 -339.8688049316 -387.5897216797 -185.8571319580 18.6241073608 -236.0885772705 -309.9273986816 -246.2312469482 -118.2492218018 
-113.3979873657 -95.4643096924 104.1408157349 76.3173446655 -85.1215667725 88.2036666870 128.2353057861 -41.8423652649 3.1901681423 -52.2105407715 -2.6997501850 -11.0354185104 20.9188156128 34.8702888489 336.3355712891 44.4620437622 23.9774932861 23.9346771240 -77.2075119019 114.4329833984 53.7207450867 -185.7250976562 369.7173156738 271.9100341797 -11.1535940170 -136.5829467773 0.9255598187 140.9887542725 -172.5614471436 -230.6966247559 387.3203430176 154.4300994873 
-9.1322221756 -25.9931449890 115.3843917847 94.5560531616 -349.6036071777 -29.8927364349 324.3904113770 -116.4385147095 98.0426635742 85.2818679810 166.1105804443 -99.2583084106 -121.4296417236 206.1920166016 -8.2940855026 -244.7563171387 47.0982398987 -127.7737960815 -136.4637603760 153.1760253906 230.1818847656 122.7743682861 -121.6057128906 -88.2834014893 40.9536323547 -575.6795043945 -154.2019805908 410.1992187500 24.0001869202 -205.0371398926 -159.5013122559 -37.6284141541 
554.6187133789 441.1865539551 323.0293579102 95.5118179321 -155.4696197510 -409.9464721680 -144.6149597168 -44.9759979248 250.5211334229 465.3895263672 512.0976562500 399.2185974121 -248.4904022217 -493.6580200195 113.2779464722 191.7976684570 -223.9916229248 -218.5149230957 -210.2924499512 -315.1152038574 -473.4005737305 -66.2122726440 396.2131347656 207.3181152344 -89.0524139404 -278.8768920898 -565.3396606445 -774.2653808594 -242.9963684082 589.9996948242 480.2047424316 25.3032093048 
-96.9668197632 -366.4332885742 -574.2485961914 -95.8805923462 376.5320129395 396.1339416504 31.0492286682 -262.1242980957 -304.5410461426 -480.7658996582 13.1043777466 374.8566894531 80.7131500244 -183.2676239014 -400.9938964844 -254.4278411865 -97.2949523926 -127.6589889526 -6.0418167114 58.4993362427 -166.7667388916 -276.6254577637 -22.6896438599 143.8887939453 349.3717651367 137.3249511719 80.1601028442 113.4007949829 -34.0143928528 59.3163871765 126.5519180298 121.5065994263 
-13.2713699341 -16.6237411499 -110.3142013550 -222.2084655762 -78.1381988525 -29.7173271179 110.6566925049 9.5858983994 -210.3535461426 -147.2236633301 -100.2276229858 -30.5168228149 319.2330627441 228.6052093506 -184.8224487305 -114.3832778931 48.2114791870 -27.1033172607 -64.4489517212 264.8586120605 408.5272216797 -377.8161621094 -374.1917724609 129.9350738525 206.8140258789 226.5416564941 440.6898498535 597.5159301758 -422.6466674805 -894.8997802734 71.1027221680 318.8210144043 
241.9995880127 489.2553405762 689.5879516602 -180.3107452393 -1207.9943847656 -357.8822631836 686.3576660156 139.1140136719 551.1322631836 855.4539794922 -3.1781163216 -885.1661987305 -402.4190673828 823.6113281250 461.1939392090 -60.6935615540 312.3898010254 -257.8172607422 -846.9319458008 -1.8594406843 814.4597167969 506.1697082520 -38.3278274536 -101.8836441040 -141.1022033691 -568.7125854492 -223.9277954102 368.6981811523 15.0674476624 -279.3009643555 -317.5738220215 -105.6247253418 
-605.4185791016 -1114.7778320312 -1449.9855957031 -1225.7717285156 -545.9565429688 134.5008850098 300.6649780273 179.9803619385 268.7339782715 140.6289367676 -56.6742820740 -410.2235717773 -565.6032104492 -322.5296325684 -168.7546539307 -175.6742706299 253.1983642578 328.2752685547 396.5623474121 183.7691955566 -42.2927742004 -179.3804168701 -314.6981811523 -269.5319824219 202.4996795654 385.0629272461 472.8591613770 151.5588684082 -137.9797821045 -297.4329223633 -351.7848510742 -315.1399841309 
573.1943359375 440.8851318359 -4.1886382103 -302.6545715332 -488.1568603516 -499.2864074707 -515.6409912109 -386.9813842773 300.9367980957 103.5474472046 57.4583625793 120.7484130859 194.3494415283 179.1157379150 124.0605773926 45.3160934448 -173.2924652100 372.9294433594 1004.4155883789 1165.9780273438 1005.3192749023 720.3088989258 472.5260009766 375.0786132812 -645.3808593750 -869.1562500000 -932.3179321289 -908.0800170898 -823.6645507812 -529.5175170898 -262.8625488281 -90.0328292847 
96.0130310059 166.8706512451 52.7165679932 -31.1183052063 -223.5772705078 -406.6988525391 -151.7376708984 102.1696090698 33.4925384521 219.8891448975 454.1336364746 329.4602966309 -210.8643341064 -463.1559143066 -185.7317962646 173.7280883789 48.8418807983 200.4270629883 323.8521728516 89.0716476440 -28.5087661743 507.3841552734 580.3759155273 31.7459182739 142.4497070312 -10.2610759735 -280.6850585938 -413.7134094238 122.3006820679 683.3555908203 565.9817504883 -15.5264091492 
35.1413803101 -310.3054504395 -560.8237915039 -139.8706054688 556.3043212891 540.9140014648 0.6664645076 -10.6749010086 -126.7216339111 -436.2330932617 -163.3033447266 207.5923767090 85.0419311523 -250.4515380859 -118.9926071167 125.1903076172 -134.5569152832 -126.3464965820 -55.5881462097 -148.2918395996 -377.3186340332 -104.4894485474 236.6987915039 294.6396484375 -113.8429946899 31.9511947632 -73.1343154907 -162.5529937744 39.1718101501 288.4145202637 266.0375061035 126.1497421265 
-600.2779541016 -322.2110595703 122.3068161011 297.1074218750 403.5913085938 801.2022705078 175.4914245605 -460.7727966309 -522.4541625977 -729.7970581055 -595.4944458008 -459.1522827148 -128.7522735596 856.3199462891 740.2670288086 -316.4925537109 -83.2070617676 -269.1979675293 -461.8858032227 -772.0773315430 -770.6956176758 279.8716125488 506.5719299316 -287.8995666504 12.6743860245 75.7375640869 21.4731464386 -383.2916564941 -470.4670410156 -121.1823730469 -146.2183685303 -156.5660705566 
15.0709915161 -36.5784149170 -110.0419464111 -423.9076843262 -503.9023742676 -426.6016235352 -347.0288696289 -57.7341766357 -151.0353698730 -16.7959499359 149.4196319580 -333.9877624512 -343.4427185059 -221.7689514160 42.7386054993 -61.8501625061 -373.4000244141 -61.9190597534 228.1180419922 -286.6078491211 -388.0895690918 -175.3503570557 -201.5944671631 -289.0748596191 -720.0602416992 -599.8132324219 107.3023300171 -38.5714759827 -106.7836151123 -126.1404953003 -163.8710937500 -128.7644653320 
703.4392700195 844.3762817383 792.6146850586 336.3831787109 -169.8925781250 -562.7415771484 -481.8327331543 -194.1708068848 823.3322143555 1131.9918212891 1191.6387939453 1176.6923828125 881.8810424805 48.3684196472 -251.6626739502 3.0720458031 345.1941223145 350.3105163574 250.4401397705 468.4111022949 152.9532470703 -54.6628761292 213.4984130859 323.6137695312 -163.0132751465 -407.9817810059 -336.2608642578 -469.1997985840 -565.5236816406 -7.5913643837 512.6986083984 457.3751831055 
-237.8253936768 -368.8598632812 -589.1235961914 -556.9914550781 127.5609893799 579.3410644531 529.9563598633 95.6341934204 -49.0867614746 -672.1933593750 -769.7067260742 23.7872409821 468.9223022461 411.1763000488 31.0230426788 -183.1730957031 316.4634094238 131.0475921631 545.7196044922 990.5852661133 587.6952514648 16.6995048523 -352.4478149414 -249.2991943359 812.9824829102 1283.2593994141 1346.9973144531 1051.6726074219 328.6012268066 -124.8850631714 -55.8504676819 153.3211059570 
-228.4184112549 -341.8419189453 -446.5188293457 -548.8285522461 -301.7823791504 290.1640319824 566.6514892578 394.4000549316 404.5989379883 232.5762786865 -26.7448959351 -313.2884521484 215.3908081055 497.6664428711 65.2656402588 -129.0113525391 336.1412048340 458.1391601562 559.5201416016 958.9500732422 837.6165161133 99.4554443359 -443.3348693848 -220.4844665527 55.3728981018 221.9721221924 1038.3027343750 1324.3985595703 501.9537963867 -474.8096313477 -217.5943756104 -59.5571746826 
140.9898834229 654.1851196289 918.0467529297 111.9325866699 -606.0502929688 -31.0099525452 259.5396423340 218.7122955322 254.3114013672 186.5286712646 -73.5695495605 135.9197540283 904.9837646484 1229.4868164062 972.6172485352 547.7075195312 -99.2210845947 -224.4597167969 -147.5245819092 306.0012207031 484.2138366699 286.8450317383 -5.7526412010 -84.6965637207 -93.8559417725 -211.9670410156 -358.7297668457 -523.3787841797 -630.2821044922 -684.6051025391 -396.7200927734 -21.8671951294 
306.0830383301 -110.1923446655 -437.5464172363 -520.3386840820 -453.2871398926 -242.0715179443 64.5196456909 309.8921813965 583.5016479492 830.2689208984 720.0738525391 204.6818237305 -486.7215270996 -696.1897583008 -203.4986114502 358.8435363770 184.9474945068 432.6455383301 542.4894409180 325.0099487305 221.1460266113 142.6564788818 11.1193771362 231.9745330811 100.0771026611 -2.2689151764 -388.4279174805 -406.3880615234 124.8354263306 325.5001525879 189.0823516846 154.1315307617 
-122.1938552856 -472.7678833008 -427.7591552734 53.1844635010 435.9336547852 296.9859313965 206.5880889893 249.1056976318 -404.3755493164 -408.4721374512 -175.7359771729 40.0628623962 52.6376724243 -11.4346675873 143.5073699951 192.4351654053 -247.9923095703 -232.8187561035 -340.5664672852 -243.5016021729 -49.0441932678 122.8380889893 306.5088195801 390.4504394531 67.9608612061 -130.6249847412 -379.3450927734 -218.1043853760 206.4524383545 269.5617980957 265.4292907715 204.8021850586 
237.3057556152 221.5762939453 22.3906383514 -49.8116073608 -242.1835021973 -118.5246582031 385.2507629395 326.5382690430 -62.1532402039 -126.1420898438 -296.1874694824 -544.8057250977 -595.6360473633 75.1648254395 581.0787963867 130.8170776367 -193.3979187012 -420.5762634277 -653.3941040039 -761.6209106445 -131.6150970459 617.0072631836 282.5247192383 -287.9729614258 -84.8601150513 -296.9779968262 -486.1591796875 178.4788970947 817.2876586914 638.2887573242 -369.9645385742 -487.0453796387 
-222.4234619141 -274.3739624023 421.4718017578 1271.2034912109 681.5136718750 -429.3684997559 -612.9985351562 -367.7718811035 -194.2426910400 201.2194519043 892.1877441406 570.5646972656 -406.4507446289 -732.2808837891 -338.4676818848 5.0209088326 230.9966125488 496.7995300293 361.4905395508 -390.5547485352 -636.7557373047 -251.6109161377 139.8547668457 170.7086486816 312.2001953125 133.3511352539 -100.9171676636 -408.1465759277 -302.6001892090 30.2984085083 74.4978027344 -67.2597351074 
108.4049682617 -56.4510765076 -373.9953613281 -773.1823120117 -705.0694580078 84.1040649414 186.9586639404 -454.0235900879 48.4499893188 -56.2045059204 -356.4228515625 -799.0672607422 -512.8390502930 587.8221435547 -88.3824157715 -892.2023925781 -125.6653060913 -328.0090026855 -512.8670654297 -678.4374389648 272.0531616211 871.8739013672 -756.6782836914 -1159.1252441406 -236.7678833008 -359.8561706543 -303.4674682617 145.4207763672 801.4664916992 170.5420227051 -1211.6568603516 -921.9176635742 
-403.3678588867 -237.0713806152 355.6181335449 547.6135864258 460.6083374023 -723.2050170898 -984.3975219727 -493.2582702637 -581.1321411133 58.7049522400 738.1907348633 244.8146209717 -669.0807495117 -1104.0161132812 -763.3001098633 -418.4639587402 -349.8255004883 530.0958251953 592.3473510742 -477.8475341797 -1152.3151855469 -993.5040283203 -578.3167114258 -509.4624328613 -17.4731903076 639.8345947266 67.1772766113 -952.8920898438 -901.8167724609 -609.8607788086 -519.7337036133 -556.1643066406 
-292.5603942871 -239.6040954590 -330.6827392578 -432.0667419434 -238.8164367676 -28.0664997101 -83.0381164551 -102.0394210815 -124.8372268677 0.1207332164 78.7205123901 -35.3461990356 -130.9713745117 -401.5850219727 -365.6951293945 15.5713863373 -24.2877979279 -107.9084854126 -84.2567977905 -439.4246520996 -1018.2714233398 -840.5245361328 -82.8746566772 565.5020141602 -13.1753368378 -106.1127548218 -371.0802307129 -1202.1053466797 -1612.2575683594 -386.5191040039 1157.0625000000 816.7235107422 
-89.2249832153 -361.3933410645 -1110.4993896484 -1833.3004150391 -941.2290039062 1035.0070800781 1373.1207275391 323.9192199707 -432.8399047852 -1068.3812255859 -1594.2369384766 -809.2982788086 816.3384399414 1327.3892822266 370.3158264160 -421.4702453613 -804.0165405273 -1328.6639404297 -706.3308105469 560.2728271484 828.2453613281 -10.0070390701 -684.0415649414 -536.7907714844 -830.2459716797 -855.3451538086 -79.9320907593 351.2087402344 -100.4356689453 -429.1907958984 -77.3611526489 383.5568237305 
-107.8578033447 -373.2172851562 -591.9838867188 -479.5778808594 -142.5346374512 -350.1724853516 -477.0582275391 29.6894321442 159.4388427734 -183.2189025879 -624.9109497070 -455.2786560059 -331.6546936035 -1176.8411865234 -1176.1479492188 -100.2458877563 316.2646484375 379.8789062500 652.1016845703 1282.3482666016 113.1606445312 -1466.3438720703 -1203.9688720703 -98.7936706543 181.2021331787 379.2841796875 1030.4515380859 851.8415527344 -751.9457397461 -1303.3740234375 -506.7570800781 56.3042755127 
533.2340087891 1005.7449340820 487.3710632324 -850.7504272461 -1373.1035156250 -653.2167968750 -124.2431030273 50.0799903870 1131.6541748047 640.2286376953 -1080.7121582031 -1552.3085937500 -818.4870605469 -381.5100402832 -304.0551147461 -178.3945007324 757.2376708984 -409.5299377441 -1195.6081542969 -658.3204956055 -208.3162536621 -279.8650512695 -309.2648010254 -80.5887145996 223.0327758789 -280.8181457520 -374.3308410645 -165.3930816650 -63.8364372253 -234.4789581299 -143.8669281006 126.0833282471 
-115.6200714111 158.1917419434 279.7920227051 95.0107116699 306.6075439453 -74.7369232178 -874.0068969727 -842.8132324219 -213.1432342529 -119.3501586914 -136.1689910889 -348.3701171875 222.3642883301 431.2173461914 -641.0446166992 -893.5996704102 -123.6714553833 -251.8341522217 -506.6528625488 -591.5045776367 -108.7902221680 276.3422546387 -450.1513671875 -776.4301147461 -153.9587249756 -335.5630187988 -535.8547363281 -726.3424682617 -187.4996185303 196.7061920166 -269.1010131836 -408.9085388184 
-214.5365447998 -236.5441894531 -606.3931884766 -644.2506713867 -264.3253479004 -166.1011352539 -218.4708709717 -520.7169189453 -146.3139648438 -53.8042526245 -576.4048461914 -1004.5037231445 -692.6784057617 -524.9191894531 -664.0297851562 -717.2877197266 -126.9310302734 625.4622192383 386.9664001465 15.5202970505 -198.1731414795 -564.4144897461 -747.4029541016 -634.0424804688 -394.2815551758 558.2645263672 895.3907470703 451.7669372559 -102.1904525757 -420.9216003418 -393.9162292480 -331.6905822754 
-57.9023513794 -53.1231460571 -96.0345993042 -257.7914733887 -116.1917953491 -55.4556083679 -132.9558868408 -41.1701278687 -43.6427917480 32.3282012939 -138.3433532715 -261.3939819336 -363.0476379395 -511.4574584961 -221.8974304199 93.5600204468 47.1069412231 -28.4960784912 -43.3877563477 -81.2122192383 -988.0869750977 -567.6261596680 243.5834197998 47.9794311523 49.2949905396 30.6750411987 121.4683761597 -785.2102661133 -954.4083862305 496.1140747070 798.4076538086 -229.1349792480 
44.8578605652 79.6498947144 -383.5901489258 -1076.8632812500 120.8139114380 1213.2460937500 246.1652679443 -549.7812500000 148.2022857666 -523.2843627930 -1015.5728149414 -180.2859039307 977.6871337891 341.4449462891 -572.5859375000 -459.3430786133 -349.8657836914 -726.7230834961 101.9261703491 775.2081909180 203.5720977783 -543.5846557617 -544.3782958984 -179.4029693604 -537.3355102539 -76.2086410522 629.2562866211 68.8470458984 -573.5312500000 -536.2770385742 -152.5881347656 183.6023101807 
-180.8992614746 -251.9041900635 -210.2266845703 78.2549667358 524.8731689453 107.9096145630 -525.2650756836 -290.1469726562 -211.6081695557 -217.6618347168 -220.8803710938 44.5144348145 467.5239868164 7.5911169052 -765.7976684570 -361.7056274414 23.7968635559 54.8291664124 115.4414138794 232.1581420898 362.1175537109 -330.4078063965 -814.0263671875 -172.6632843018 231.0540924072 377.1257629395 278.8058776855 -41.8552932739 -200.4912261963 -778.7672119141 -672.8371582031 -24.7193546295 
383.0845947266 394.7337646484 -55.7776985168 -309.4071044922 -610.9748535156 -611.3775024414 -288.2939758301 158.9755554199 431.9127502441 423.5889282227 9.2658500671 -465.5166931152 -436.6436767578 -339.0828857422 -9.5384683609 13.1028642654 202.9910736084 379.4486694336 -323.7596130371 -773.3349609375 -539.8157348633 -249.5635375977 -114.9331588745 -195.4827575684 -84.1698074341 -23.5791244507 -513.3372802734 -540.4251708984 -91.7881317139 48.5240821838 -138.0522918701 -124.8164978027 
-66.3475341797 -102.1801147461 -241.8180847168 -380.6656494141 -152.3244323730 -86.6716613770 325.8032531738 514.0339965820 -421.4407043457 -495.6020507812 -596.6514282227 -340.8631286621 -93.4692687988 -101.4705200195 113.1153106689 253.2698822021 -77.5909118652 -266.8198547363 -235.3639984131 32.4670410156 -141.6523132324 -26.5316619873 -85.9365005493 0.3902795017 65.1532516479 319.4683837891 598.2266845703 302.8137207031 44.6308670044 -192.3920745850 -254.2296295166 36.1090316772 
274.6978759766 606.9556884766 600.4075927734 203.1002807617 -374.6807861328 -548.9008789062 -279.9167175293 3.4457800388 468.9721069336 477.2373657227 377.7840576172 83.5571975708 -69.6523437500 120.4747314453 391.3049621582 197.7244110107 198.4267425537 -200.3829498291 -355.6945190430 238.5406188965 927.6387329102 1090.2701416016 673.4953002930 438.2618408203 -165.7587738037 -415.1911010742 -376.9554138184 -122.2349472046 111.1623992920 14.0304355621 -35.5042037964 -19.0180263519 
-189.5353698730 -327.1825866699 -508.5726318359 -523.1398315430 41.8098487854 625.2534790039 300.2293395996 -25.0549507141 -470.6681518555 -664.5829467773 -935.2257690430 -716.6354980469 459.7587890625 276.0444335938 -485.1916809082 -189.8961944580 -311.3313598633 -666.5375366211 -741.5967407227 99.3778839111 853.5239257812 -394.8539123535 -808.2481079102 -163.3528137207 -199.8276977539 9.2928647995 575.6081542969 1206.5849609375 -133.8373107910 -1045.4902343750 -658.6699829102 -65.6753997803 
-38.5046844482 902.2838745117 1319.1492919922 295.2709045410 -1064.8718261719 -979.9434814453 -467.1733703613 -136.4528961182 353.5673828125 997.3773193359 237.1350860596 -872.5891113281 -744.8474731445 -294.2358703613 -113.4540939331 119.7514724731 416.5199584961 140.4661407471 -716.7557983398 -689.3656616211 -322.5403442383 -33.5196189880 105.0864791870 155.9940948486 9.7472324371 -499.0213317871 -990.3103027344 -879.7447509766 -405.4077148438 -118.6521301270 -36.0878791809 42.0947341919 
-41.4894294739 -28.4883308411 -149.1878814697 -444.9052124023 -589.6245727539 -325.7474060059 -148.5736083984 -482.5599060059 232.3955078125 269.4956359863 72.5532913208 -822.8733520508 -1213.3721923828 -348.9002380371 -61.1845054626 -611.1141967773 267.3673400879 266.5721130371 -224.4099273682 -1192.2606201172 -1110.1066894531 309.8819274902 181.1022338867 -727.1134033203 6.8103189468 -442.4183349609 -1152.7608642578 -1557.9378662109 -263.0995788574 1131.9987792969 216.3798370361 -790.5205688477 
-576.6140136719 -1207.7268066406 -1365.9118652344 -609.7374877930 855.1032714844 1006.2882690430 -339.8664550781 -790.4765014648 -1062.6752929688 -1336.7945556641 -549.5130004883 335.0843811035 397.5533142090 -558.5261840820 -1358.9780273438 -832.3180541992 -1160.0511474609 -709.3651733398 548.1754150391 245.8828887939 -920.1264648438 -1542.7225341797 -1008.4854736328 -414.9060058594 -512.6270141602 466.7036743164 1066.7197265625 -45.0489921570 -850.8986206055 -480.1721801758 12.5414876938 67.7762222290 
-609.0125122070 -1093.6595458984 -1144.7849121094 -850.4320678711 -77.4219589233 639.6386108398 844.9183959961 371.3144226074 60.8426094055 -348.0992431641 -943.6428833008 -1553.8085937500 -1492.1286621094 -661.4406127930 331.4965515137 456.1543273926 222.4972839355 76.5719070435 -347.9486999512 -695.6784057617 -832.0000610352 -616.1417846680 -177.7752685547 397.9359436035 28.6125507355 -222.6116333008 -302.1523437500 -205.3196716309 -250.3413085938 -412.2052917480 -254.3649444580 157.1043395996 
-114.6907119751 -106.4560546875 -62.0932960510 214.6167907715 -103.1241378784 -390.8104858398 -146.7706756592 -172.3317871094 -185.2623443604 64.9231567383 66.5002593994 -184.4206695557 -649.4544067383 -579.5639038086 -410.0025939941 -317.2367248535 -362.3017272949 -47.4746780396 299.1195983887 544.6502075195 706.3231201172 608.4945068359 556.8372192383 475.0646362305 -511.0705871582 -874.9481201172 -650.6881713867 56.6712799072 443.1446228027 467.6686706543 429.9707641602 383.9328613281 
-216.3132629395 -625.9388427734 -988.7872924805 -1430.0413818359 -1624.7670898438 -942.6558227539 8.8956556320 403.1259460449 507.0506591797 508.4208679199 263.0268554688 -333.4030151367 -1046.6235351562 -717.9682006836 107.5711593628 269.1566467285 203.9415130615 250.7483825684 143.7326354980 -342.8534545898 -727.4934082031 -323.6459350586 115.5112838745 -80.1700134277 -59.6325988770 -333.7173156738 -559.8145751953 -721.0190429688 -455.5735473633 -52.2096481323 -157.9199829102 -284.8477783203 
-244.9448547363 -587.3183593750 -642.8762207031 -386.2911987305 -161.7542114258 -223.8778533936 -276.3256835938 -195.3329772949 -586.5097656250 -1110.5440673828 -861.6037597656 -444.4236755371 -252.9918212891 -286.6947937012 -132.1978454590 65.3099060059 -747.0924682617 -1039.9946289062 -518.8931884766 -101.5072250366 -138.9000854492 -57.4244384766 101.2826004028 104.9171218872 -372.9856262207 -744.2727661133 -843.5444946289 -1086.9157714844 -1179.7591552734 -1065.5798339844 -712.6957397461 -319.9699096680 
-616.0100097656 -354.1462707520 60.4308891296 190.8648986816 -101.6826477051 -51.1513938904 18.8385963440 -227.2629241943 -624.4429931641 -801.0100708008 -308.8930664062 33.5082244873 -97.2326126099 410.8391418457 717.1580200195 4.2588167191 -167.2006378174 -388.2055358887 -560.7376708984 -1088.7402343750 -1385.8803710938 55.2788352966 1165.0731201172 427.3264160156 74.2392349243 0.5139951110 -391.1849365234 -1155.0836181641 -1330.8262939453 -274.3613281250 509.3500366211 246.9755859375 
72.5621109009 -187.2427825928 -560.2981567383 -907.3441162109 -677.5234375000 -120.5877304077 -102.9576034546 -143.7790679932 -220.4316558838 -704.7273559570 -638.8914184570 -656.0155639648 -533.8770141602 -340.8901062012 -304.1200256348 -121.9629364014 -542.3847656250 -863.7706298828 -344.9646301270 -366.9089660645 -425.4318542480 -389.7091674805 -221.7274322510 9.8184108734 -745.5690307617 -892.6368408203 -300.3132324219 -302.0097351074 -599.5982666016 -430.9034423828 -95.5976409912 46.3771286011 
-257.5674438477 -375.5104064941 -151.3645019531 167.5620269775 324.3840637207 531.8374023438 423.1314697266 359.5595703125 -144.6769866943 -398.1701354980 -574.3920898438 -524.7448730469 -138.2582702637 291.8460388184 772.2187500000 652.0771484375 48.7151947021 -84.6107482910 -305.2010192871 -445.8941955566 -405.4767456055 -334.7030029297 352.6821899414 572.1048583984 32.7070083618 42.7141342163 -16.1746215820 310.7696228027 -35.9513168335 -325.5525817871 -40.9937896729 232.1447906494 
-58.6959304810 -53.8447189331 324.7329406738 244.3556976318 -242.7967987061 -356.2882690430 -126.7892074585 206.4995727539 -5.1227631569 261.1855163574 216.0691680908 10.3132200241 -240.2383270264 -70.9328308105 227.4196014404 315.5141296387 5.2653565407 -171.8136596680 -318.2911987305 -170.3470458984 6.4707427025 177.6705627441 332.8660583496 260.7989196777 -202.3782348633 -663.3651123047 -618.6646728516 -49.5435333252 200.1077270508 255.0279083252 220.8188934326 123.9371032715 
-808.2444458008 -651.0457763672 85.2576522827 1142.0502929688 2070.2697753906 1631.8760986328 913.5917968750 260.9297485352 -608.3934326172 -1240.8194580078 -1743.5496826172 -1611.1740722656 -716.8795776367 241.0701904297 846.9083862305 711.2741699219 36.0285911560 -55.0778961182 -254.5809783936 -701.3369140625 -1086.7727050781 -893.5690917969 -211.3283386230 195.7571411133 104.7509155273 259.4061889648 235.7734222412 -11.5046939850 -277.2906494141 -308.8505554199 -273.4590759277 -60.9832115173 
169.2835235596 335.0534362793 151.7165222168 -136.1603698730 -403.3519897461 -436.0129394531 -343.6611938477 -303.5057983398 320.3008728027 473.5242309570 250.9359741211 -13.1323795319 -98.2388229370 -16.8691196442 -156.9108734131 -144.3146972656 -76.7689819336 -151.6013183594 -260.8494873047 -235.4981994629 -335.4981384277 -216.6786193848 -208.8351135254 -69.1722869873 -670.3142700195 -587.1250000000 -5.7871232033 601.4707031250 784.0980834961 557.6385498047 591.5944213867 554.2955322266 
36.9684410095 -257.3488159180 -521.7911376953 -605.9746093750 -484.9632263184 -385.5279541016 -532.6834106445 -411.5605163574 180.9969329834 102.1809310913 57.6003608704 52.6036109924 -29.2055511475 -408.7484436035 -940.0119628906 -555.2660522461 245.4621887207 350.0621643066 396.7381896973 450.4054565430 138.5897827148 -829.4408569336 -1252.7801513672 -391.3156738281 218.6381683350 344.9614562988 469.9601135254 205.3438720703 -489.6252746582 -1206.1861572266 -817.4010620117 192.1190948486 
287.5661315918 314.3673400879 -156.3557891846 -904.2662963867 -1132.7889404297 -817.9218139648 -1.0986559391 412.6357421875 160.7036437988 -0.3623793423 -662.0603637695 -1042.3255615234 -637.2012329102 37.3858642578 374.6594238281 148.9018249512 -36.9188652039 -229.3573760986 -681.8402099609 -774.6502075195 -450.5695800781 -266.9215087891 -492.3197937012 -518.0057983398 19.8746833801 -178.7162780762 -696.8842773438 -671.4602050781 -399.4150390625 -569.5015869141 -547.3658447266 -292.6802368164 
-22.2486877441 30.9378471375 -185.3516845703 -72.5367202759 466.1324462891 49.2435531616 -641.6960449219 -309.4365234375 -139.7788085938 -151.6089324951 -224.1487579346 143.4373321533 758.1563720703 -5.9332509041 -914.6458740234 -509.3306274414 -168.5198822021 -292.1416320801 -286.2026672363 88.1992568970 445.4600219727 -391.9938049316 -754.7224731445 -314.3432006836 -104.3227615356 -78.6069946289 -138.2368774414 38.5908660889 -278.4300537109 -611.5410156250 -418.5582275391 22.3367805481 
71.6170120239 217.7799072266 -84.9943466187 -451.9455566406 -601.2004394531 -459.8088684082 -143.1373443604 41.2795829773 191.4592590332 321.4930725098 -437.5311889648 -845.0397949219 -468.0537109375 -271.2393798828 -247.4612731934 -273.1065979004 172.2407073975 284.7280883789 -518.6128540039 -680.7313232422 -430.5497436523 -387.6526184082 -466.2159423828 -324.9433288574 -42.2737770081 131.2580718994 -300.4511108398 -565.1449584961 -328.1749267578 -268.9489440918 -169.2238769531 -44.0378456116 
271.7081909180 269.7167053223 175.7812652588 -196.6065521240 -266.1744079590 64.7808685303 -62.1405487061 -414.7554016113 527.9086303711 643.6049804688 447.7208557129 -18.0179748535 132.8790893555 418.0733032227 209.6786804199 -357.1909179688 51.3938560486 -130.1623687744 -605.5383911133 -648.7729492188 -313.7966613770 104.9418869019 -192.0273895264 -219.8846435547 -333.7941589355 -728.1991577148 -823.8728027344 -626.3986816406 -47.2736091614 42.1851654053 -219.6013183594 -123.0929946899 
-548.4044189453 -666.4580688477 -573.8801269531 -313.7195129395 86.1548995972 -49.2414131165 -162.5831756592 3.4175448418 -728.9335327148 -618.9918212891 -205.1702728271 63.4488372803 -8.2127962112 -176.0148010254 -166.9983520508 -162.9546661377 -599.8211059570 -76.1540527344 434.9608154297 52.7171897888 -658.9313354492 -802.4082031250 -726.4354248047 -542.3283081055 41.4545631409 353.8071594238 182.9009399414 -294.2151794434 -523.3291625977 -452.4364624023 -186.9052429199 -121.1898422241 
-354.9184265137 -709.7316284180 -967.6536865234 -996.7527465820 -692.4512939453 -95.0592041016 341.3824157715 556.6865234375 106.9184112549 -100.4006271362 -621.6522216797 -1056.0363769531 -1095.1053466797 -804.1767578125 -345.3448486328 39.3894729614 228.5802001953 335.9325561523 526.7978515625 576.3081665039 491.2350463867 151.0744934082 -230.4030456543 -425.3240051270 65.9654083252 166.4828033447 432.0873413086 615.9125366211 493.2678833008 193.3502044678 -555.2297973633 -682.9998779297 
72.6869354248 286.5223693848 579.0359497070 482.6166687012 214.6970062256 -480.2221679688 -736.2606201172 -486.3746032715 175.4293823242 428.9808349609 362.3025512695 238.9320678711 -136.5083770752 -220.0073242188 -75.4171752930 179.2646636963 -68.6114730835 -324.4970703125 -344.8871765137 -191.9797515869 209.5220489502 405.2007141113 654.6386718750 589.9594116211 -169.1989440918 -248.9924774170 -157.0979919434 -190.7425384521 -2.3544425964 142.3234863281 51.6580772400 -37.2042160034 