
-33.3184204102 -33.3184204102 -33.3184204102 -33.3184204102 -33.3184204102 -33.3184204102 -33.3184204102 -33.3184204102 -33.3184204102 -33.3184204102 -33.3184204102 -33.3184204102 -33.3184204102 -33.3184204102 -33.3184204102 -33.3184204102 -33.3184204102 -33.3184204102 -33.3184204102 -33.3184204102 -33.3184204102 -33.3184204102 -33.3184204102 -33.3184204102 -33.3184204102 -33.3184204102 -33.3184204102 -33.3184204102 -33.3184204102 -33.3184204102 -33.3184204102 -33.3184204102 
-33.3184204102 -33.3184204102 -33.3184204102 -33.3184204102 -33.3184204102 -33.3184204102 -33.3184204102 -33.3184204102 -33.3184204102 -33.3184204102 -33.3184204102 -33.3184204102 -33.3184204102 -33.3184204102 -33.3184204102 -33.3184204102 -33.3184204102 -33.3184204102 -33.3184204102 -33.3184204102 -33.3184204102 -33.3184204102 -33.3184204102 -33.3184204102 -33.3184204102 -33.3184204102 -33.3184204102 -33.3184204102 -33.3184204102 -33.3184204102 -33.3184204102 -33.3184204102 
-33.3184204102 -33.3184204102 -33.3184204102 -33.3184204102 -33.3184204102 -33.3184204102 -33.3184204102 -33.3184204102 -33.3184204102 -33.3184204102 -33.3184204102 -33.3184204102 -33.3184204102 -33.3184204102 -33.3184204102 -33.3184204102 -33.3184204102 -33.3184204102 -33.3184204102 -33.3184204102 -33.3184204102 -33.3184204102 -33.3184204102 -33.3184204102 -33.3184204102 -33.3184204102 -2.3184204102 159.6815795898 7.6815795898 -33.3184204102 -33.3184204102 -33.3184204102 
-33.3184204102 -33.3184204102 -33.3184204102 -33.3184204102 -33.3184204102 -33.3184204102 -33.3184204102 -33.3184204102 -33.3184204102 -33.3184204102 -33.3184204102 -33.3184204102 -33.3184204102 -33.3184204102 -33.3184204102 -33.3184204102 -33.3184204102 -33.3184204102 -33.3184204102 -33.3184204102 -33.3184204102 -33.3184204102 -23.3184204102 57.6815795898 209.6815795898 88.6815795898 68.6815795898 27.6815795898 -33.3184204102 -33.3184204102 -33.3184204102 -33.3184204102 
-33.3184204102 -33.3184204102 -33.3184204102 -33.3184204102 -33.3184204102 -33.3184204102 -33.3184204102 -33.3184204102 -33.3184204102 -33.3184204102 -33.3184204102 -33.3184204102 -33.3184204102 -33.3184204102 -33.3184204102 -33.3184204102 -33.3184204102 -33.3184204102 -33.3184204102 -33.3184204102 169.6815795898 209.6815795898 220.6815795898 219.6815795898 220.6815795898 138.6815795898 98.6815795898 17.6815795898 -12.3184204102 -33.3184204102 -33.3184204102 -33.3184204102 
-33.3184204102 -33.3184204102 -33.3184204102 -33.3184204102 -33.3184204102 -33.3184204102 -33.3184204102 -33.3184204102 -33.3184204102 -33.3184204102 -33.3184204102 -33.3184204102 -33.3184204102 -33.3184204102 -33.3184204102 -33.3184204102 -33.3184204102 88.6815795898 97.6815795898 218.6815795898 219.6815795898 178.6815795898 219.6815795898 218.6815795898 189.6815795898 6.6815795898 -33.3184204102 -33.3184204102 -33.3184204102 -33.3184204102 -33.3184204102 -33.3184204102 
-33.3184204102 -33.3184204102 -33.3184204102 -33.3184204102 -33.3184204102 -33.3184204102 -33.3184204102 -33.3184204102 -33.3184204102 -33.3184204102 -33.3184204102 -33.3184204102 -33.3184204102 -33.3184204102 -33.3184204102 7.6815795898 28.6815795898 108.6815795898 89.6815795898 189.6815795898 200.6815795898 179.6815795898 -12.3184204102 -33.3184204102 -33.3184204102 -33.3184204102 -33.3184204102 -33.3184204102 -33.3184204102 -33.3184204102 -33.3184204102 -33.3184204102 
-33.3184204102 -33.3184204102 -33.3184204102 -33.3184204102 -33.3184204102 -33.3184204102 -33.3184204102 -33.3184204102 -33.3184204102 -33.3184204102 -33.3184204102 -33.3184204102 -33.3184204102 -33.3184204102 -33.3184204102 -13.3184204102 37.6815795898 218.6815795898 169.6815795898 -13.3184204102 -33.3184204102 -33.3184204102 -33.3184204102 -33.3184204102 -33.3184204102 -33.3184204102 -33.3184204102 -33.3184204102 -33.3184204102 -33.3184204102 -33.3184204102 -33.3184204102 
-33.3184204102 -33.3184204102 -33.3184204102 -33.3184204102 -33.3184204102 -33.3184204102 -33.3184204102 -33.3184204102 -33.3184204102 -33.3184204102 -33.3184204102 -33.3184204102 17.6815795898 219.6815795898 220.6815795898 16.6815795898 -33.3184204102 -33.3184204102 -33.3184204102 -33.3184204102 -33.3184204102 -33.3184204102 -33.3184204102 -33.3184204102 -33.3184204102 -33.3184204102 -33.3184204102 -33.3184204102 -33.3184204102 -33.3184204102 -33.3184204102 -33.3184204102 
-33.3184204102 -33.3184204102 -33.3184204102 -33.3184204102 -33.3184204102 -33.3184204102 -33.3184204102 -33.3184204102 58.6815795898 218.6815795898 219.6815795898 16.6815795898 -33.3184204102 -33.3184204102 -33.3184204102 -33.3184204102 -33.3184204102 -33.3184204102 -33.3184204102 -33.3184204102 -33.3184204102 -33.3184204102 -33.3184204102 -33.3184204102 -33.3184204102 -33.3184204102 -33.3184204102 -33.3184204102 -33.3184204102 -33.3184204102 -33.3184204102 -33.3184204102 
-33.3184204102 -33.3184204102 -33.3184204102 7.6815795898 118.6815795898 219.6815795898 190.6815795898 -13.3184204102 -33.3184204102 -33.3184204102 -33.3184204102 -33.3184204102 -33.3184204102 -33.3184204102 -33.3184204102 -33.3184204102 -33.3184204102 -33.3184204102 -33.3184204102 -33.3184204102 -33.3184204102 -33.3184204102 -33.3184204102 -33.3184204102 -33.3184204102 -33.3184204102 -33.3184204102 -33.3184204102 -33.3184204102 -33.3184204102 -12.3184204102 189.6815795898 
199.6815795898 218.6815795898 88.6815795898 -33.3184204102 -33.3184204102 -33.3184204102 -33.3184204102 -33.3184204102 -33.3184204102 -33.3184204102 -33.3184204102 -33.3184204102 -33.3184204102 -33.3184204102 -33.3184204102 -33.3184204102 -33.3184204102 -33.3184204102 -33.3184204102 -33.3184204102 -33.3184204102 -33.3184204102 -33.3184204102 -33.3184204102 -33.3184204102 -33.3184204102 17.6815795898 219.6815795898 220.6815795898 138.6815795898 -33.3184204102 -33.3184204102 
-33.3184204102 -33.3184204102 -33.3184204102 -33.3184204102 -33.3184204102 -33.3184204102 -33.3184204102 -33.3184204102 -33.3184204102 -33.3184204102 -33.3184204102 -33.3184204102 -33.3184204102 -33.3184204102 -33.3184204102 -33.3184204102 -33.3184204102 -33.3184204102 -33.3184204102 -33.3184204102 -33.3184204102 7.6815795898 179.6815795898 218.6815795898 158.6815795898 -3.3184204102 -33.3184204102 -33.3184204102 -33.3184204102 -33.3184204102 -33.3184204102 -33.3184204102 
-33.3184204102 -33.3184204102 -33.3184204102 -33.3184204102 -33.3184204102 -33.3184204102 -33.3184204102 -33.3184204102 -33.3184204102 -33.3184204102 -33.3184204102 -33.3184204102 -33.3184204102 -33.3184204102 -33.3184204102 -33.3184204102 118.6815795898 219.6815795898 220.6815795898 199.6815795898 7.6815795898 -33.3184204102 -33.3184204102 -33.3184204102 -33.3184204102 -33.3184204102 -33.3184204102 -33.3184204102 -33.3184204102 -33.3184204102 -33.3184204102 -33.3184204102 
-33.3184204102 -33.3184204102 -33.3184204102 -33.3184204102 -33.3184204102 -33.3184204102 -33.3184204102 -33.3184204102 -33.3184204102 -33.3184204102 28.6815795898 108.6815795898 199.6815795898 218.6815795898 199.6815795898 16.6815795898 -33.3184204102 -33.3184204102 -33.3184204102 -33.3184204102 -33.3184204102 -33.3184204102 -33.3184204102 -33.3184204102 -33.3184204102 -33.3184204102 -33.3184204102 -33.3184204102 -33.3184204102 -33.3184204102 -33.3184204102 -33.3184204102 
-33.3184204102 -33.3184204102 -33.3184204102 -33.3184204102 -33.3184204102 48.6815795898 220.6815795898 219.6815795898 220.6815795898 97.6815795898 48.6815795898 -33.3184204102 -33.3184204102 -33.3184204102 -33.3184204102 -33.3184204102 -33.3184204102 -33.3184204102 -33.3184204102 -33.3184204102 -33.3184204102 -33.3184204102 -33.3184204102 -33.3184204102 -33.3184204102 -33.3184204102 -33.3184204102 -33.3184204102 -33.3184204102 -33.3184204102 -33.3184204102 -33.3184204102 
7.6815795898 209.6815795898 219.6815795898 218.6815795898 138.6815795898 -23.3184204102 -33.3184204102 -33.3184204102 -33.3184204102 -33.3184204102 -33.3184204102 -33.3184204102 -33.3184204102 -33.3184204102 -33.3184204102 -33.3184204102 -33.3184204102 -33.3184204102 -33.3184204102 -33.3184204102 -33.3184204102 -33.3184204102 -33.3184204102 -33.3184204102 -33.3184204102 -33.3184204102 -33.3184204102 -33.3184204102 18.6815795898 219.6815795898 210.6815795898 47.6815795898 
-33.3184204102 -33.3184204102 -33.3184204102 -33.3184204102 -33.3184204102 -12.3184204102 -2.3184204102 78.6815795898 -22.3184204102 -23.3184204102 -33.3184204102 -33.3184204102 -33.3184204102 -33.3184204102 -33.3184204102 -33.3184204102 -33.3184204102 -33.3184204102 -33.3184204102 -33.3184204102 -33.3184204102 -33.3184204102 -33.3184204102 -33.3184204102 17.6815795898 218.6815795898 209.6815795898 128.6815795898 169.6815795898 128.6815795898 149.6815795898 149.6815795898 
108.6815795898 88.6815795898 17.6815795898 137.6815795898 139.6815795898 16.6815795898 -33.3184204102 -33.3184204102 -33.3184204102 -33.3184204102 -33.3184204102 -33.3184204102 -33.3184204102 -33.3184204102 -33.3184204102 -33.3184204102 -33.3184204102 -33.3184204102 -33.3184204102 -33.3184204102 -33.3184204102 129.6815795898 221.6815795898 219.6815795898 210.6815795898 169.6815795898 159.6815795898 219.6815795898 180.6815795898 98.6815795898 190.6815795898 27.6815795898 
-33.3184204102 -33.3184204102 -33.3184204102 -33.3184204102 -33.3184204102 -33.3184204102 -33.3184204102 -33.3184204102 -33.3184204102 -33.3184204102 -33.3184204102 -33.3184204102 -33.3184204102 -33.3184204102 -33.3184204102 -33.3184204102 -33.3184204102 -33.3184204102 78.6815795898 117.6815795898 6.6815795898 48.6815795898 138.6815795898 117.6815795898 117.6815795898 77.6815795898 6.6815795898 -33.3184204102 -33.3184204102 -33.3184204102 -33.3184204102 -33.3184204102 
-33.3184204102 -33.3184204102 -33.3184204102 -33.3184204102 -33.3184204102 -33.3184204102 -33.3184204102 -33.3184204102 -33.3184204102 -33.3184204102 -33.3184204102 -33.3184204102 -33.3184204102 -33.3184204102 -33.3184204102 -33.3184204102 -33.3184204102 -33.3184204102 -33.3184204102 -33.3184204102 -33.3184204102 -33.3184204102 -33.3184204102 -33.3184204102 -33.3184204102 -33.3184204102 -33.3184204102 -33.3184204102 -33.3184204102 -33.3184204102 -33.3184204102 -33.3184204102 
-33.3184204102 -33.3184204102 -33.3184204102 -33.3184204102 -33.3184204102 -33.3184204102 -33.3184204102 -33.3184204102 -33.3184204102 -33.3184204102 -33.3184204102 -33.3184204102 -33.3184204102 -33.3184204102 -33.3184204102 -33.3184204102 -33.3184204102 -33.3184204102 -33.3184204102 -33.3184204102 -33.3184204102 -33.3184204102 -33.3184204102 -33.3184204102 -33.3184204102 -33.3184204102 -33.3184204102 -33.3184204102 -33.3184204102 -33.3184204102 -33.3184204102 -33.3184204102 
-33.3184204102 -33.3184204102 -33.3184204102 -33.3184204102 -33.3184204102 -33.3184204102 -33.3184204102 -33.3184204102 -33.3184204102 -33.3184204102 -33.3184204102 -33.3184204102 -33.3184204102 -33.3184204102 -33.3184204102 -33.3184204102 -33.3184204102 -33.3184204102 -33.3184204102 -33.3184204102 -33.3184204102 -33.3184204102 -33.3184204102 -33.3184204102 -33.3184204102 -33.3184204102 -33.3184204102 -33.3184204102 -33.3184204102 -33.3184204102 -33.3184204102 -33.3184204102 
-33.3184204102 -33.3184204102 -33.3184204102 -33.3184204102 -33.3184204102 -33.3184204102 -33.3184204102 -33.3184204102 -33.3184204102 -33.3184204102 -33.3184204102 -33.3184204102 -33.3184204102 -33.3184204102 -33.3184204102 -33.3184204102 -33.3184204102 -33.3184204102 -33.3184204102 -33.3184204102 -33.3184204102 -33.3184204102 -33.3184204102 -33.3184204102 -33.3184204102 -33.3184204102 -33.3184204102 -33.3184204102 -33.3184204102 -33.3184204102 -33.3184204102 -33.3184204102 
-33.3184204102 -33.3184204102 -33.3184204102 -33.3184204102 -33.3184204102 -33.3184204102 -33.3184204102 -33.3184204102 -33.3184204102 -33.3184204102 -33.3184204102 -33.3184204102 -33.3184204102 -33.3184204102 -33.3184204102 -33.3184204102 