
-420.2059936523 -157.8371582031 -30.1527538300 518.5803833008 1189.7231445312 -97.7464752197 -301.7273864746 799.8166503906 82.2374038696 -1238.9328613281 398.1930847168 627.0239868164 -244.9746093750 -734.1491088867 733.7664184570 479.7723999023 -475.4433593750 156.5149993896 -62.9415359497 258.6114807129 -82.9779205322 -716.9287719727 -342.6617736816 -193.5939636230 398.0632629395 98.0874633789 237.0731353760 959.6854858398 667.1338500977 -274.7954711914 -624.4275512695 -84.9833984375 
718.7075195312 598.1943969727 -470.3532409668 -475.4841613770 -765.6467285156 -570.4793090820 -418.2767639160 -878.6351928711 -510.3403625488 448.4695739746 -901.4459228516 -757.6940917969 465.7848205566 -760.4541015625 -438.3940734863 341.8617553711 -422.8381652832 1827.2050781250 73.7155914307 504.5420532227 -975.8674316406 -783.0022583008 -785.1444091797 -100.2522659302 -855.0009765625 -429.2608947754 -471.9230651855 -154.6239929199 -27.7634658813 -1078.1918945312 -374.9034729004 -763.7623291016 
886.8070068359 -60.9397239685 -295.1398315430 -270.3805541992 -452.8215637207 -389.8533325195 -295.7360229492 526.7616577148 -385.7304992676 -395.3260192871 346.1433410645 -605.7075805664 -364.9444274902 -1159.3712158203 -193.3244323730 44.4116897583 -11.1639757156 -705.8976440430 -342.5417175293 502.5618286133 -882.8066406250 1292.6141357422 293.8527221680 55.7893905640 -52.9788551331 -122.4663772583 503.4121093750 -857.0900878906 -545.8538208008 -24.3047924042 -897.5112915039 -85.5507278442 
174.8247070312 -735.3610229492 -1003.4460449219 162.2744598389 -371.3380432129 -423.5417785645 125.1964874268 -103.0890808105 380.3227233887 -52.9731521606 -238.4147949219 145.1119384766 -524.1844482422 344.7668762207 1724.8321533203 158.8170623779 90.3352432251 -1236.4678955078 -272.8139648438 -7.3670516014 -324.4679870605 104.9792327881 -347.9789123535 -480.8551025391 91.6077957153 -278.2822265625 -634.8989868164 -469.0213623047 -225.7072601318 -511.7107849121 913.6783447266 -138.3476867676 
-449.7675781250 157.6267089844 -44.5446128845 456.7425231934 355.1171569824 406.7161254883 651.2195434570 -220.9820556641 -600.1580200195 806.3405761719 -142.5722503662 849.2760009766 28.7776603699 793.4274902344 37.1174697876 288.4564819336 290.4808349609 -253.0989074707 -126.2816314697 146.2339172363 -284.1809692383 -106.4079742432 -547.4815063477 2169.4833984375 -221.3779754639 61.0190696716 -501.9985961914 -514.7572631836 -285.3981323242 -1209.9864501953 240.4730072021 -176.7569122314 
294.9248046875 298.7180175781 -144.4364166260 -519.4422607422 471.4144592285 -107.1399154663 -295.9032897949 -222.8946380615 961.3952636719 -0.6698151827 -24.1650142670 -434.8210449219 730.6955566406 1046.3673095703 -752.5207519531 151.0093383789 155.5525665283 210.7847595215 -397.9102783203 74.3386535645 -554.3245849609 24.0832977295 -399.4677734375 -369.3267211914 -143.2637176514 335.0565185547 -569.5306396484 636.9421997070 -1076.2406005859 332.5921630859 -1436.9606933594 93.7124176025 
-584.3037719727 -182.2064666748 286.8226013184 -576.3291625977 -143.4996643066 -790.8472900391 -390.2705993652 721.8814697266 -46.9475784302 -253.1106109619 -105.3456878662 -542.7749633789 1828.7114257812 1395.3065185547 -273.8333740234 152.4868927002 1321.9329833984 -41.0108833313 -560.8068237305 476.6489868164 1004.9182128906 1581.2038574219 -631.5158691406 344.3514709473 -218.1466827393 428.3573913574 -44.6521339417 -584.1952514648 -142.5737762451 -165.1050109863 620.0034790039 -631.2108154297 
645.3536376953 751.7388916016 -572.2652587891 -1078.9681396484 -164.8234710693 1178.9139404297 222.3977050781 36.8560333252 -724.2702636719 -91.5376663208 -751.9517822266 46.4424018860 -110.4498901367 1067.0943603516 1208.8406982422 61.3582344055 -29.6061592102 -96.0228347778 428.6828918457 -1009.9552001953 -256.3583068848 334.2097778320 82.6020202637 -7.4696464539 -865.5686645508 307.7800903320 178.5278625488 -74.2773818970 -231.8511505127 -497.8506164551 -676.2222900391 -56.4887733459 
-672.2680664062 38.6840057373 116.2955398560 890.7706909180 92.6534194946 -364.9130859375 1057.4821777344 -499.0865173340 141.9708099365 -180.9229125977 -600.2700195312 -342.7391662598 153.0236968994 37.8788414001 -755.8971557617 -39.2963867188 -56.4457511902 -368.9327087402 -11.4396829605 243.6613464355 67.0036773682 563.3085327148 180.9131317139 -331.9307861328 -959.2908935547 -183.5953674316 -386.0670471191 -425.6872558594 768.1862792969 -523.1957397461 413.6011962891 -489.3080139160 
859.6121826172 -266.4670104980 -542.8798828125 305.5522460938 -516.2251586914 -757.1998901367 445.2105407715 -614.8825073242 -842.5404663086 -461.5942993164 248.7202911377 -391.8510742188 -192.6338043213 804.9055786133 -179.3983612061 -100.0440826416 302.6884155273 698.5571289062 -299.8711242676 -524.1283569336 4.8863549232 -240.9590606689 691.9607543945 1097.4620361328 -535.0900268555 447.7609558105 283.0301513672 -656.6474609375 -319.5415344238 -127.6972732544 -369.9443664551 1005.5642700195 
-188.1143341064 437.3099365234 166.1151580811 -262.9891052246 -562.0709228516 -1013.0712280273 659.4985351562 174.8319091797 -647.5922851562 816.1608276367 -11.0575704575 -683.5635375977 -27.4111099243 -144.1733856201 508.4160156250 1766.3239746094 577.1997680664 211.8959197998 -1030.5378417969 272.8802795410 231.0811462402 -345.2795410156 1115.2141113281 -129.5404510498 -913.9849243164 -236.0703582764 -1222.0377197266 -58.1568565369 292.8391723633 -171.1614685059 132.5859985352 594.6573486328 
508.6552124023 -543.7864990234 138.2385406494 264.2231445312 24.2945232391 317.3353576660 -604.9753417969 -417.0769348145 832.3719482422 -193.0729522705 815.4854125977 312.6629638672 323.3346252441 -1075.8348388672 -271.0377502441 1071.9975585938 -234.3865814209 -393.7698669434 -575.9679565430 -666.9530029297 391.6320495605 15.2342081070 -89.0137329102 -346.9367370605 76.8036422729 -498.8241271973 -722.2837524414 584.2442016602 176.6604003906 -174.4024200439 165.0671844482 14.0906276703 
838.3754272461 118.6472778320 -363.7454833984 952.6358642578 -296.1557312012 399.4154052734 199.3801879883 -453.7696228027 -549.8259887695 97.5774536133 -31.8428268433 -577.6578369141 -533.5408325195 426.2574768066 167.7631225586 -275.1998596191 -169.9102935791 -221.0672149658 -743.1212768555 742.5494995117 197.2998657227 -546.0906982422 -106.4612731934 981.3770751953 652.7715454102 -772.0532836914 321.9102172852 -725.7816162109 -746.1480712891 473.1331481934 -365.2152709961 699.1287841797 
-648.5581054688 1404.7387695312 -507.3171386719 -415.2848205566 550.9083862305 354.5068664551 -698.1411132812 -521.2510986328 -1205.5325927734 -115.8691406250 220.5293579102 1583.1837158203 -2.8231680393 687.8192749023 80.0744247437 -526.9975585938 19.5758876801 1355.8187255859 -371.9438781738 -389.4339294434 537.4027099609 -557.0837402344 -135.5277557373 -187.7590332031 840.9879760742 335.3077087402 -599.4457397461 -610.0420532227 -458.0190734863 29.8673801422 -633.6126098633 342.6340332031 
-131.8912200928 -24.4189472198 294.1296691895 720.3140869141 12.0079135895 241.0785675049 -127.4568481445 162.0740509033 333.3747863770 -174.2498931885 552.8723144531 -580.0606689453 -310.5663757324 429.1952819824 -254.3268890381 35.0333023071 479.8521423340 271.9952392578 -384.6589355469 -605.1106567383 -204.5612640381 1124.9101562500 -547.0169677734 -76.1910629272 -841.1800537109 779.7222290039 249.8035736084 49.5893821716 471.8326721191 -506.9471435547 -167.0030822754 -473.0547180176 
1863.6191406250 -776.8702392578 -388.7220458984 548.8856201172 321.1139526367 -1153.3128662109 -763.4611206055 635.0780639648 -253.0278930664 -510.7816467285 420.5257873535 -1109.4644775391 -24.1452312469 -800.3614501953 -457.4436340332 -210.5656127930 1108.7531738281 -77.5456466675 318.2209167480 -983.2937011719 