
17.2957611084 14.7754278183 83.5685043335 157.3312225342 262.5852966309 236.3227996826 154.9479522705 70.1294403076 23.4651222229 17.2957611084 17.2957611084 17.2957611084 17.2957611084 17.7283477783 -14.0250062943 -118.1660003662 25.4958133698 227.5388793945 243.1866149902 164.0670013428 147.7997741699 23.4651222229 17.2957611084 17.2957611084 17.2957611084 22.1392517090 30.0538349152 75.1597213745 47.2811431885 -54.1882934570 -194.2866821289 -66.0510330200 
144.5116271973 103.7862854004 17.2957611084 17.2957611084 17.2957611084 17.2957611084 22.8860588074 43.9106750488 86.9712982178 95.0879058838 113.6137466431 29.9459095001 4.7744493484 52.5281524658 17.2957611084 17.2957611084 17.2957611084 17.2957611084 17.2957611084 17.2957611084 17.2957611084 68.5035018921 99.5060043335 -16.7397270203 -19.7048892975 3.6015596390 17.2957611084 17.2957611084 17.2957611084 17.2957611084 17.2957611084 17.2957611084 
115.3407211304 93.9467239380 -6.1869444847 -67.2831573486 -46.6202812195 19.1478958130 17.2957611084 17.2957611084 17.2957611084 17.2957611084 35.6866836548 110.6100692749 85.5505218506 56.1256027222 -24.5355434418 -59.6304244995 25.0509204865 28.5937747955 17.2957611084 17.2957611084 17.2957611084 17.2957611084 72.0364303589 85.4353332520 18.1754474640 -97.8870925903 -49.8814849854 68.3344039917 62.5768928528 63.2989425659 23.6230773926 17.2957611084 
17.2957611084 17.2957611084 18.5853557587 -34.2066726685 -9.2005834579 153.8558807373 198.1074829102 186.9549865723 154.4241180420 116.3956451416 84.1801300049 17.2957611084 17.2957611084 17.2957611084 14.6402196884 -52.5391006470 -198.1770629883 -53.2589874268 -91.9162673950 -78.5005340576 -53.5804290771 -75.6566467285 4.5998430252 17.2957611084 17.2957611084 17.2957611084 24.7647647858 28.8968830109 104.5559158325 51.6832885742 69.5281372070 38.3131027222 
47.6763000488 62.8804702759 45.4986038208 17.2957611084 17.2957611084 17.2957611084 17.2957611084 31.7601032257 63.7749710083 81.2373428345 94.7936706543 92.0637893677 61.6979141235 21.0000305176 17.2957611084 17.2957611084 -21.5618934631 -18.3779182434 -71.1553344727 -108.7102127075 -98.6093750000 -40.3701934814 -21.5618934631 -21.5618934631 -21.5618934631 -21.5618934631 -21.5618934631 -21.5618934631 -21.5618934631 40.4314117432 114.2085647583 125.6826553345 
-47.5989723206 -213.2437744141 -260.3688049316 -193.1127777100 -33.8952026367 -21.5618934631 -21.5618934631 -21.5618934631 -21.5618934631 -16.7618255615 124.9806289673 349.2613830566 507.4214172363 523.5552368164 394.9569091797 24.9459266663 -102.8584136963 -27.7285518646 -21.5618934631 -21.5618934631 -21.5618934631 -21.5618934631 -16.9974365234 60.5121994019 264.1369018555 434.8345031738 438.9124145508 261.0195007324 37.1342658997 -25.2968177795 -21.5618934631 -21.5618934631 
-21.5618934631 -21.5618934631 -21.5618934631 -21.5618934631 -21.5618934631 -21.9126091003 -57.6099243164 -103.5757217407 248.5682983398 186.0813446045 -21.5618934631 -21.5618934631 -21.5618934631 -21.5618934631 -21.5618934631 -21.5618934631 -21.5618934631 -44.5788688660 -148.6585235596 184.7334594727 359.9749755859 182.3262329102 -21.5618934631 -21.5618934631 -21.5618934631 -21.5618934631 -21.5618934631 -22.5973396301 -102.2869110107 -206.1818847656 86.7020797729 403.1289367676 
357.4823608398 28.4900932312 -21.5618934631 -21.5618934631 -21.5618934631 -21.5618934631 -22.2466239929 -120.7833099365 -229.6877746582 229.2018890381 436.4420166016 403.9282531738 79.2430038452 -21.5618934631 -21.5618934631 -21.5618934631 -21.5618934631 -21.5618934631 -5.0113735199 -36.2765274048 101.6387939453 260.8757019043 259.7439880371 -49.7881393433 -130.2855224609 -69.1609115601 -31.3285312653 -21.5618934631 -21.5618934631 -21.5618934631 85.5279159546 163.0092773438 
323.0753173828 178.8891296387 51.1695404053 72.3362045288 85.1922378540 179.5486602783 39.0803909302 -21.5618934631 -21.5618934631 -21.5618934631 35.5926170349 240.4261169434 457.4081726074 498.4220886230 403.1687927246 401.4835205078 290.4570007324 218.0943298340 71.4503860474 -21.5618934631 -21.5618934631 -21.5618934631 -21.5618934631 -0.2836363614 91.0964431763 123.2923812866 167.7564849854 187.1864929199 103.7854232788 -5.1514039040 -21.5618934631 -21.5618934631 
54.4787750244 54.2195777893 95.1119842529 27.2777004242 87.3463897705 85.8092956543 92.7553634644 78.9544219971 59.1524772644 54.4787750244 54.4787750244 54.4787750244 54.4787750244 63.2612838745 107.6973800659 -206.2501831055 -166.1811523438 0.2064853460 45.8235282898 87.0084533691 98.2226409912 59.1524772644 54.4787750244 54.4787750244 54.4787750244 61.1596870422 124.8101806641 184.0439605713 139.2193145752 -0.3950222135 -237.5557098389 -166.1623687744 
34.2836151123 93.7918548584 54.4787750244 54.4787750244 54.4787750244 54.4787750244 58.8303337097 148.3401489258 218.5967559814 192.6293182373 181.4761352539 -58.3811988831 -146.4329071045 45.5539016724 54.4787750244 54.4787750244 54.4787750244 54.4787750244 54.4787750244 54.4787750244 54.4787750244 56.3774566650 66.8758468628 -136.1181488037 -98.9196090698 39.8018150330 54.4787750244 54.4787750244 54.4787750244 54.4787750244 54.4787750244 54.4787750244 
86.6200256348 58.7038154602 -160.9847564697 -117.4647750854 -24.7928352356 54.7826309204 54.4787750244 54.4787750244 54.4787750244 54.4787750244 57.6134338379 74.0152206421 36.4536476135 -54.8387832642 -150.0755157471 -14.3549804688 51.5106277466 56.3322944641 54.4787750244 54.4787750244 54.4787750244 54.4787750244 56.0461044312 17.2752647400 -121.6716918945 -172.6969451904 46.3453025818 59.8068008423 73.8269271851 77.0844650269 56.9167213440 54.4787750244 
54.4787750244 54.4787750244 44.6254348755 -149.3813476562 -186.9775085449 37.5576133728 106.9844970703 70.7778167725 87.2127380371 50.3677139282 89.9192199707 54.4787750244 54.4787750244 54.4787750244 64.9434661865 0.1688491851 -150.7431640625 -251.8047180176 -260.3838500977 -226.3422546387 -148.8050384521 -10.3434181213 45.3285102844 54.4787750244 54.4787750244 54.4787750244 70.2066421509 167.4063415527 210.4567871094 176.6059875488 143.4625396729 136.3969116211 
128.6553192139 94.4460678101 62.7226867676 54.4787750244 54.4787750244 54.4787750244 54.4787750244 98.3375930786 146.8694152832 154.3571777344 183.5783691406 166.3144226074 83.2016525269 55.0864868164 54.4787750244 54.4787750244 18.3148384094 31.2898311615 35.5276107788 139.2889404297 215.4925079346 224.6451416016 176.5523071289 73.4960403442 23.5882492065 18.3148384094 18.3148384094 18.3148384094 18.3148384094 12.0587978363 -18.1494121552 -83.3344192505 
-31.2869148254 127.0979385376 198.7849884033 184.5270538330 117.2692108154 23.5882492065 18.3148384094 18.3148384094 18.3148384094 18.3148384094 17.9099178314 47.3044662476 34.2464370728 -17.4194755554 -150.7241363525 -111.0154342651 116.7434997559 73.9891662598 18.3148384094 18.3148384094 18.3148384094 18.3148384094 18.3148384094 40.0151519775 78.0599670410 65.2240905762 75.6051559448 86.0842437744 -46.2923011780 18.1372985840 18.3148384094 18.3148384094 
18.3148384094 18.3148384094 18.3148384094 18.3148384094 18.3148384094 31.7592010498 57.7075271606 63.6895408630 -76.9724426270 14.1515407562 18.3148384094 18.3148384094 18.3148384094 18.3148384094 18.3148384094 18.3148384094 46.8160057068 98.6074447632 43.9226455688 -73.4539184570 1.7806297541 18.1504554749 18.3148384094 18.3148384094 18.3148384094 18.3148384094 18.3148384094 94.9480895996 170.0764312744 127.9641113281 -99.8735580444 -0.3575218618 
28.1424942017 18.3148384094 18.3148384094 18.3148384094 18.3148384094 18.3148384094 31.9165992737 113.0018692017 66.3595428467 -161.8296966553 43.6302375793 38.2687454224 56.6458930969 72.6213226318 24.8682479858 18.3148384094 18.3148384094 18.3148384094 16.5045986176 -48.5649375916 89.9721908569 224.0346069336 243.3995819092 183.2365417480 136.8485107422 113.3785476685 77.5851364136 18.3148384094 18.3148384094 18.3148384094 -1.6311081648 -16.7963981628 
-89.3458175659 -165.9579162598 -166.6160736084 -143.1042480469 -143.4683227539 18.8735237122 36.1450271606 18.3148384094 18.3148384094 18.3148384094 18.3148384094 34.2140579224 116.1410522461 67.0165710449 86.8178710938 128.3435211182 97.3353424072 91.1181335449 18.3148384094 18.3148384094 18.3148384094 18.3148384094 18.3148384094 34.7715988159 79.2875213623 62.3568305969 92.1247406006 80.0905609131 28.1805038452 18.3148384094 18.3148384094 18.3148384094 
4.9499716759 -0.4746080339 -85.4682006836 -205.1217956543 -90.7937240601 -12.6987667084 4.9499716759 4.9499716759 4.9499716759 4.9499716759 4.9499716759 4.9499716759 4.9499716759 82.7403488159 95.9071273804 48.6567306519 8.6535921097 -220.9160461426 -379.2101440430 -192.4029998779 -6.6229710579 4.9499716759 4.9499716759 4.9499716759 4.9499716759 39.9084396362 183.7834472656 331.2705383301 408.6970214844 411.2886047363 330.5014038086 141.7316894531 
-174.3074340820 -0.8365007639 4.9499716759 4.9499716759 4.9499716759 4.9499716759 47.2261352539 169.3842163086 252.5882568359 327.5869445801 354.1708984375 45.8536224365 -48.1172294617 20.1063976288 4.9499716759 4.9499716759 4.9499716759 4.9499716759 4.9499716759 4.9499716759 4.9499716759 6.1688818932 -42.4964752197 -146.5325775146 201.4218902588 120.6338577271 4.9499716759 4.9499716759 4.9499716759 4.9499716759 4.9499716759 4.9499716759 
10.5382795334 -6.8031516075 -282.8958435059 380.0016479492 368.5290222168 86.7383728027 4.9499716759 4.9499716759 4.9499716759 4.9499716759 7.9647164345 7.2294125557 -62.4033813477 -397.6282958984 378.3591918945 461.0514221191 244.5830078125 4.9499716759 4.9499716759 4.9499716759 4.9499716759 4.9499716759 6.4573435783 -123.6993179321 -201.3207855225 535.8747558594 538.8480224609 327.8273620605 -0.2016244829 4.9499716759 4.9499716759 4.9499716759 
4.9499716759 4.9499716759 -12.5252428055 7.9872336388 208.8778381348 410.5520629883 112.2713165283 -200.8084716797 -166.7503662109 -107.3742294312 -5.6327004433 4.9499716759 4.9499716759 4.9499716759 103.9477767944 207.9284210205 244.0746765137 164.9679107666 128.5993804932 192.9407196045 275.5327758789 276.1767883301 104.0068893433 4.9499716759 4.9499716759 4.9499716759 106.6445236206 294.4288024902 468.6760864258 523.2283935547 467.6629028320 456.6714477539 
430.7568664551 181.3308258057 4.9499716759 4.9499716759 4.9499716759 4.9499716759 4.9499716759 95.6309890747 101.9253158569 117.4415206909 158.9186859131 87.0200729370 4.9499716759 4.9499716759 4.9499716759 4.9499716759 67.7245635986 66.8536376953 96.6758499146 54.4577369690 40.5308303833 60.8113021851 67.7245635986 67.7245635986 67.7245635986 67.7245635986 67.7245635986 67.7245635986 67.7245635986 64.8719406128 -13.6162080765 -40.5317420959 
-0.3360286951 -0.4703813791 36.4402351379 -1.9990531206 63.1912765503 67.7245635986 67.7245635986 67.7245635986 67.7245635986 67.7245635986 63.8603591919 -75.7217254639 -185.9359741211 -167.0802917480 -118.7289047241 7.1907076836 29.6901950836 66.0517578125 67.7245635986 67.7245635986 67.7245635986 67.7245635986 67.7245635986 67.7245635986 56.4073333740 19.5819854736 -61.5288963318 -112.4619598389 -90.3905639648 69.2451629639 67.7245635986 67.7245635986 
67.7245635986 67.7245635986 67.7245635986 67.7245635986 67.7245635986 66.4962463379 79.0660552979 -212.6646575928 -55.7584991455 53.2068405151 67.7245635986 67.7245635986 67.7245635986 67.7245635986 67.7245635986 67.7245635986 82.3610000610 67.4140472412 6.1580595970 -184.7621612549 -36.5132369995 65.2535324097 67.7245635986 67.7245635986 67.7245635986 67.7245635986 67.7245635986 93.5289611816 67.0949783325 17.3834514618 -198.2648315430 -73.6061706543 
41.0453948975 67.7245635986 67.7245635986 67.7245635986 67.7245635986 67.7245635986 65.3264083862 79.9055328369 -87.3100585938 -179.9537963867 -84.5267791748 26.9094867706 84.1568450928 67.7245635986 67.7245635986 67.7245635986 67.7245635986 67.7245635986 55.2423439026 -14.9632406235 -238.3094940186 -168.1415100098 -24.7703876495 -6.3437390327 64.9982604980 37.9221878052 93.1136779785 67.7245635986 67.7245635986 67.7245635986 57.2878723145 -149.4317932129 
-182.1018218994 -110.9533843994 -67.0032196045 -39.3150215149 -23.9732551575 43.0303421021 58.9218597412 67.7245635986 67.7245635986 67.7245635986 67.7245635986 -2.7706625462 -80.1701049805 -144.8190460205 -129.8551788330 -89.5001144409 6.1395969391 60.1879348755 67.7245635986 67.7245635986 67.7245635986 67.7245635986 67.7245635986 67.7245635986 67.7245635986 67.7245635986 67.7245635986 67.7245635986 67.7245635986 67.7245635986 67.7245635986 67.7245635986 
-53.0112190247 39.3746261597 235.1510467529 145.7549896240 187.5903167725 124.2869873047 73.7077102661 1.4311783314 -45.9461631775 -53.0112190247 -53.0112190247 -53.0112190247 -53.0112190247 -3.4980256557 171.5447845459 323.4648132324 352.1033325195 337.7353210449 326.1015930176 189.0255279541 84.7324905396 -45.9461631775 -53.0112190247 -53.0112190247 -53.0112190247 -53.0112190247 -26.8087940216 -69.8441238403 10.3833503723 83.7530899048 266.9855957031 177.4566040039 
79.2871627808 51.9104766846 -53.0112190247 -53.0112190247 -53.0112190247 -53.0112190247 -53.0112190247 -53.0112190247 -63.9302024841 -76.2244338989 121.1995391846 289.4220581055 121.6288833618 0.0011450960 -53.0112190247 -53.0112190247 -53.0112190247 -53.0112190247 -53.0112190247 -53.0112190247 -53.0112190247 47.2535285950 392.8707885742 396.2042846680 88.7222900391 -64.0925064087 -53.0112190247 -53.0112190247 -53.0112190247 -53.0112190247 -53.0112190247 -53.0112190247 
-17.2019100189 311.6107177734 479.3175964355 289.8671569824 -137.1587982178 -57.4728813171 -53.0112190247 -53.0112190247 -53.0112190247 -53.0112190247 -53.0112190247 74.3022994995 425.1233520508 620.1567993164 439.4897460938 -152.2097473145 -87.4056777954 -53.0112190247 -53.0112190247 -53.0112190247 -53.0112190247 -53.0112190247 66.5000457764 466.8902282715 581.1943359375 380.2923889160 -169.3889465332 -97.1988296509 -33.9686508179 -13.4328670502 -47.1428947449 -53.0112190247 
-53.0112190247 -53.0112190247 144.7853393555 385.3405761719 182.6012115479 291.5430908203 339.0443725586 319.0123596191 304.1929931641 133.7701416016 18.7055454254 -53.0112190247 -53.0112190247 -53.0112190247 78.4430770874 226.3053436279 217.9578247070 348.5922546387 348.8970336914 341.1029663086 142.6414184570 -24.4781303406 -41.4061050415 -53.0112190247 -53.0112190247 -53.0112190247 -30.6264915466 -67.3028335571 -107.6025543213 -130.1762084961 -122.5798568726 -177.5914154053 
-66.0794677734 -47.0147666931 -53.0112190247 -53.0112190247 -53.0112190247 -53.0112190247 -53.0112190247 -53.0112190247 -45.5270118713 -53.0112190247 -53.0112190247 -53.0112190247 -53.0112190247 -53.0112190247 -53.0112190247 -53.0112190247 -32.5433387756 -30.7028369904 -77.8682708740 172.7379455566 178.5290069580 168.7828674316 98.9283905029 15.8124456406 -28.6603717804 -32.5433387756 -32.5433387756 -32.5433387756 -32.5433387756 -33.6160812378 -25.6616268158 75.9957351685 
233.6557617188 277.6759643555 275.8449401855 344.1707763672 172.3007812500 -28.6603717804 -32.5433387756 -32.5433387756 -32.5433387756 -29.4809703827 -26.4778041840 -63.8143424988 -16.6915016174 128.2132568359 181.9670410156 336.8656921387 373.8933105469 98.4091720581 -32.5433387756 -32.5433387756 -32.5433387756 -32.5433387756 -29.8963794708 -16.4275360107 -26.7373752594 -42.0426483154 -181.0493469238 42.2240600586 416.3255615234 165.6887817383 -32.5433387756 -32.5433387756 
-32.5433387756 -32.5433387756 -32.5433387756 -32.5433387756 -32.5433387756 -38.4236717224 -97.0517807007 453.2776794434 358.8587951660 43.6925735474 -32.5433387756 -32.5433387756 -32.5433387756 -32.5433387756 -32.5433387756 -32.5433387756 -32.5433387756 -79.9408874512 396.3310852051 456.5069580078 202.3112487793 -36.9819908142 -32.5433387756 -32.5433387756 -32.5433387756 -32.5433387756 -32.5433387756 -49.9043273926 42.0370597839 400.9495239258 490.1020812988 327.5728759766 
-73.1221237183 -32.5433387756 -32.5433387756 -32.5433387756 -32.5433387756 -32.5433387756 -44.0239906311 -47.2752113342 507.5096740723 474.7391357422 328.2831420898 -135.3245391846 11.9185037613 13.0216255188 -27.0936603546 -32.5433387756 -32.5433387756 -32.5433387756 -47.8131332397 68.2722396851 436.0455627441 272.8948669434 106.6845474243 177.0185546875 188.1972045898 175.0072021484 44.3387527466 -32.5433387756 -32.5433387756 -32.5433387756 -32.3173866272 -19.9436721802 
120.3787155151 170.0556640625 306.1529541016 384.4147033691 256.4682617188 185.8361511230 17.0662479401 -32.5433387756 -32.5433387756 -32.5433387756 -29.0068302155 -28.8240985870 -95.4537506104 -87.7015075684 -27.2644214630 -54.6755676270 4.6457781792 -46.0812149048 -32.5433387756 -32.5433387756 -32.5433387756 -32.5433387756 -32.5433387756 -17.0816040039 -32.5433387756 -32.5433387756 -32.5433387756 -32.5433387756 -32.5433387756 -32.5433387756 -32.5433387756 -32.5433387756 
-12.3219861984 -10.3891057968 -111.9432983398 -95.0603713989 -19.2744121552 -3.5088727474 -12.3219861984 -3.9396731853 -9.2879629135 -12.3219861984 -12.3219861984 -12.3219861984 -12.3219861984 106.5005416870 243.7055664062 139.7193450928 -162.9655151367 -289.4732666016 -172.1456756592 -19.4712562561 14.6060209274 -9.2879629135 -12.3219861984 -12.3219861984 -12.3219861984 -1.6822241545 299.7281188965 409.5143432617 473.5662536621 473.4697875977 354.6954345703 -122.8475952148 
-23.3506603241 13.7295999527 -12.3219861984 -12.3219861984 -12.3219861984 -12.3219861984 -2.6916844845 77.4001388550 227.4965667725 366.2315673828 411.2395935059 67.5601272583 -57.6747665405 4.9261131287 -12.3219861984 -12.3219861984 -12.3219861984 -12.3219861984 -12.3219861984 -12.3219861984 -12.3219861984 -12.9645061493 -19.1412658691 31.6669101715 79.0041122437 30.2209262848 -12.3219861984 -12.3219861984 -12.3219861984 -12.3219861984 -12.3219861984 -12.3219861984 
-12.3219861984 -37.9568901062 73.3543014526 199.1915893555 114.5124893188 38.7787437439 -12.3219861984 -12.3219861984 -12.3219861984 -12.3219861984 -12.3219861984 -14.2189493179 -100.3856811523 -44.4694747925 152.7852172852 199.4361572266 107.8914871216 -12.1110334396 -12.3219861984 -12.3219861984 -12.3219861984 -12.3219861984 -13.5764303207 -158.1910247803 34.6859092712 251.4415435791 245.7798309326 133.2914276123 3.7281086445 0.6323387027 -10.8772153854 -12.3219861984 
-12.3219861984 -12.3219861984 82.8169708252 70.0842361450 123.7858581543 215.7931365967 68.5741882324 -50.7063217163 -111.8024826050 -28.4082050323 3.3177454472 -12.3219861984 -12.3219861984 -12.3219861984 192.8381805420 303.8694458008 241.1308288574 97.1845932007 20.7248096466 25.5277671814 153.7805633545 78.9573898315 45.6528167725 -12.3219861984 -12.3219861984 -12.3219861984 107.0061111450 359.9736328125 459.1984558105 437.5557250977 430.0915832520 323.9068908691 
195.8430023193 107.3312759399 -2.8534886837 -12.3219861984 -12.3219861984 -12.3219861984 -12.3219861984 38.3103218079 46.6754837036 69.3158950806 85.2341842651 62.1081771851 9.5974855423 -12.2528181076 -12.3219861984 -12.3219861984 1.5772057772 -1.0838655233 69.7589416504 36.7322883606 -49.9522285461 -13.8034601212 1.5772057772 1.5772057772 1.5772057772 1.5772057772 1.5772057772 1.5772057772 1.5772057772 72.2325820923 110.1867218018 107.4340209961 
79.7688369751 -32.9699325562 -70.7993774414 -99.1856460571 -8.5084772110 1.5772057772 1.5772057772 1.5772057772 1.5772057772 29.3522338867 95.0046997070 162.9120178223 139.5057220459 110.0669708252 110.0523986816 96.8315734863 -74.4981002808 -3.4656348228 1.5772057772 1.5772057772 1.5772057772 1.5772057772 39.3714408875 69.8043746948 60.9817619324 95.5858612061 63.7036895752 197.5299682617 -112.0087814331 -22.6819229126 1.5772057772 1.5772057772 
1.5772057772 1.5772057772 1.5772057772 1.5772057772 1.5772057772 -4.3865666389 247.5290222168 263.4111633301 -214.9155731201 4.0212841034 1.5772057772 1.5772057772 1.5772057772 1.5772057772 1.5772057772 1.5772057772 1.5772057772 70.5415496826 247.7475280762 142.5188446045 -55.6091957092 8.6977577209 1.5772057772 1.5772057772 1.5772057772 1.5772057772 1.5772057772 7.5454058647 63.4429626465 199.8152618408 121.1926193237 -91.3370819092 
1.5099602938 1.5772057772 1.5772057772 1.5772057772 1.5772057772 1.5772057772 -10.0663490295 209.6755676270 155.5615539551 47.9251060486 -77.8452758789 -15.0461130142 25.0831642151 1.5772057772 1.5772057772 1.5772057772 1.5772057772 1.5772057772 8.9030075073 312.2705688477 150.6990966797 -138.3297424316 -87.4290390015 -59.1656761169 10.8550643921 -42.2289352417 -14.1995515823 1.5772057772 1.5772057772 1.5772057772 107.5238952637 234.9196777344 
115.4228744507 44.5540275574 123.6944122314 63.5159225464 6.8781566620 -12.6495256424 9.8483142853 1.5772057772 1.5772057772 1.5772057772 95.7246704102 168.2929229736 147.3387451172 127.0496063232 115.7845153809 70.3796157837 65.5800704956 0.3350072503 1.5772057772 1.5772057772 1.5772057772 1.5772057772 1.5772057772 43.6988868713 1.5772057772 28.9525260925 19.2324371338 1.5772057772 1.5772057772 1.5772057772 1.5772057772 1.5772057772 
-37.0307006836 -37.7431602478 87.8140640259 59.8172111511 -86.3470687866 -56.1509590149 -37.0307006836 -37.0307006836 -37.0307006836 -37.0307006836 -37.0307006836 -37.0307006836 -37.0307006836 -6.6723246574 87.5177307129 346.2312927246 345.3683471680 221.3719635010 56.5260734558 -109.3722229004 -49.5685768127 -37.0307006836 -37.0307006836 -37.0307006836 -37.0307006836 -37.0307006836 -3.4347510338 192.5692443848 421.8210449219 450.7987976074 341.6221313477 379.9998474121 
58.2106590271 -43.2996368408 -37.0307006836 -37.0307006836 -37.0307006836 -37.0307006836 -37.0307006836 -37.0307006836 -52.2027740479 -4.6292757988 92.7384796143 327.8187255859 203.5189361572 -41.9468994141 -37.0307006836 -37.0307006836 -37.0307006836 -37.0307006836 -37.0307006836 -37.0307006836 -37.0307006836 -40.4875335693 43.7761306763 167.0910797119 166.2531280518 49.0986557007 -37.0307006836 -37.0307006836 -37.0307006836 -37.0307006836 -37.0307006836 -37.0307006836 
-37.0307006836 -10.9319162369 140.0873718262 154.7571105957 143.6240081787 33.1422004700 -37.0307006836 -37.0307006836 -37.0307006836 -37.0307006836 -37.0307006836 -47.2365875244 -38.2404060364 75.1856460571 176.8744354248 153.3023376465 89.8069229126 -29.8010349274 -37.0307006836 -37.0307006836 -37.0307006836 -37.0307006836 -43.7797546387 102.9857025146 137.5432128906 179.2225646973 237.3222961426 124.9660644531 -24.3204593658 -37.0307006836 -37.0307006836 -37.0307006836 
-37.0307006836 -37.0307006836 -29.5149307251 227.4420166016 280.3903198242 121.4529037476 -17.7500686646 -95.9312744141 -8.0181875229 -70.4416885376 -46.2437667847 -37.0307006836 -37.0307006836 -37.0307006836 -38.2113609314 221.4351348877 414.6922302246 395.8776550293 388.9397583008 305.2773437500 214.0392303467 129.9617767334 19.4483680725 -37.0307006836 -37.0307006836 -37.0307006836 -37.0307006836 36.0009918213 260.4897766113 261.3628540039 276.7002563477 307.0333251953 
131.3738555908 2.7608351707 -33.4685668945 -37.0307006836 -37.0307006836 -37.0307006836 -37.0307006836 -37.0307006836 -37.0307006836 -37.0307006836 -37.0307006836 -37.0307006836 -35.8047103882 -34.6603202820 -37.0307006836 -37.0307006836 -35.6557998657 -0.5136253238 69.6293258667 134.8561859131 161.6651611328 151.7862854004 92.2125930786 8.7945613861 -31.5127449036 -35.6557998657 -35.6557998657 -35.6557998657 -35.6557998657 -40.7344589233 162.9429168701 150.1243591309 
174.3394927979 193.7322235107 178.3962860107 147.0132293701 91.2883453369 -31.5127449036 -35.6557998657 -35.6557998657 -35.6557998657 -35.6557998657 -93.1918182373 15.0905866623 68.7865371704 99.2818603516 139.1685333252 202.5890350342 129.7917785645 37.6047668457 -35.6557998657 -35.6557998657 -35.6557998657 -35.6557998657 -35.6557998657 -35.6557998657 -57.2080535889 -75.1704788208 11.0187473297 280.4930114746 206.2189636230 49.6787567139 -35.6557998657 -35.6557998657 
-35.6557998657 -35.6557998657 -35.6557998657 -35.6557998657 -35.6557998657 -11.5491390228 80.9465942383 253.5345458984 236.7145843506 -24.7533836365 -35.6557998657 -35.6557998657 -35.6557998657 -35.6557998657 -35.6557998657 -35.6557998657 -25.8676357269 128.3264617920 158.6140289307 139.2049560547 144.3007354736 -35.0164871216 -35.6557998657 -35.6557998657 -35.6557998657 -35.6557998657 -35.6557998657 44.6820449829 265.9529418945 246.5908813477 69.0425491333 93.8519210815 
-7.1459722519 -31.7559585571 -35.6557998657 -35.6557998657 -35.6557998657 -35.6557998657 -1.0497839451 171.3020629883 217.8012084961 87.2693328857 44.6553878784 22.7752227783 5.0189180374 11.0899953842 -30.1864051819 -35.6557998657 -35.6557998657 -35.6557998657 5.0927600861 90.0122756958 219.9708404541 276.0250549316 185.9400482178 206.2527313232 195.0906066895 70.3857574463 16.1204166412 -35.6557998657 -35.6557998657 -35.6557998657 -54.6591720581 75.9489593506 
205.8110504150 182.6415863037 193.0460815430 178.3955688477 103.1848907471 40.9627914429 -27.7337913513 -35.6557998657 -35.6557998657 -35.6557998657 -35.6557998657 -108.7512817383 -30.5265045166 -54.0346908569 -26.7476692200 -1.8246605396 0.6920707822 -28.8679695129 -27.9774589539 -35.6557998657 -35.6557998657 -35.6557998657 -35.6557998657 -35.6557998657 -35.6557998657 -35.6557998657 -35.6557998657 -15.0314178467 -21.3058242798 -34.3771667480 -35.6557998657 -35.6557998657 
-51.8469123840 -7.4270491600 139.7708435059 101.2676925659 -96.8539352417 -70.5884780884 -51.8469123840 -51.8469123840 -51.8469123840 -51.8469123840 -51.8469123840 -51.8469123840 -51.8469123840 -46.6717720032 196.6890563965 426.0346374512 524.8134765625 393.0346069336 170.1040496826 -28.1202831268 -64.1364593506 -51.8469123840 -51.8469123840 -51.8469123840 -51.8469123840 -51.8469123840 -62.1349067688 162.9269409180 504.3959045410 565.5259399414 520.7886352539 516.5598754883 
140.9244384766 -57.9916877747 -51.8469123840 -51.8469123840 -51.8469123840 -51.8469123840 -51.8469123840 -51.8469123840 -66.8933181763 -120.3366470337 59.6796302795 453.7017822266 266.3205871582 -37.1250877380 -51.8469123840 -51.8469123840 -51.8469123840 -51.8469123840 -51.8469123840 -51.8469123840 -51.8469123840 -34.2443008423 128.5305633545 165.7683258057 196.7095184326 63.2999343872 -51.8469123840 -51.8469123840 -51.8469123840 -51.8469123840 -51.8469123840 -51.8469123840 
-42.4836845398 35.2496986389 248.8623046875 153.6539764404 106.1556320190 46.7152137756 -51.8469123840 -51.8469123840 -51.8469123840 -51.8469123840 -51.8469123840 -11.7765893936 94.7114410400 186.8785095215 161.3987579346 74.9545059204 68.0737533569 -51.8469123840 -51.8469123840 -51.8469123840 -51.8469123840 -51.8469123840 -24.8646926880 222.3752899170 274.9321594238 188.8696289062 177.5633697510 70.4778823853 -32.8499870300 -51.8469123840 -51.8469123840 -51.8469123840 
-51.8469123840 -51.8469123840 1.1329507828 302.9356689453 302.4250488281 89.9130935669 -26.9236831665 -55.3271064758 13.9356889725 -43.7531433105 -61.6988029480 -51.8469123840 -51.8469123840 -51.8469123840 -17.7385711670 252.9304046631 501.1363525391 469.7647705078 512.1027832031 396.0229187012 192.4185180664 130.7608795166 20.8688850403 -51.8469123840 -51.8469123840 -51.8469123840 -51.8469123840 -81.9350204468 170.1881866455 209.7270050049 254.9379119873 250.4676208496 
147.5095977783 -23.9329299927 -51.8469123840 -51.8469123840 -51.8469123840 -51.8469123840 -51.8469123840 -51.8469123840 -51.8469123840 -51.8469123840 -51.8469123840 -51.8469123840 -51.8469123840 -51.8469123840 -51.8469123840 -51.8469123840 -15.9465465546 59.1625823975 39.4306564331 21.2642402649 -19.1031856537 -21.5655002594 -15.9465465546 -15.9465465546 -15.9465465546 -15.9465465546 -15.9465465546 -15.9465465546 -15.9465465546 112.3627090454 194.5183715820 182.4945983887 
124.3929977417 107.4601593018 24.0357608795 44.0262680054 -21.1314907074 -15.9465465546 -15.9465465546 -15.9465465546 -15.9465465546 -15.9465465546 166.1521911621 207.1815490723 169.9132690430 131.3153076172 110.7692489624 0.6802807450 -19.1060848236 -18.5390186310 -15.9465465546 -15.9465465546 -15.9465465546 -15.9465465546 -15.9465465546 -15.9465465546 -17.0127658844 -38.7074089050 68.6884689331 217.2302398682 -9.4056110382 -32.4595718384 -15.9465465546 -15.9465465546 
-15.9465465546 -15.9465465546 -15.9465465546 -15.9465465546 -15.9465465546 -19.1356811523 321.6505432129 455.7730102539 -75.1530151367 -37.4199333191 -15.9465465546 -15.9465465546 -15.9465465546 -15.9465465546 -15.9465465546 -15.9465465546 -15.9465465546 190.7819213867 438.6950378418 338.6829833984 -162.8948822021 -19.1296062469 -15.9465465546 -15.9465465546 -15.9465465546 -15.9465465546 -15.9465465546 -25.3620834351 206.4014739990 419.0273132324 434.1563415527 -160.3121948242 
-51.7256202698 -15.9465465546 -15.9465465546 -15.9465465546 -15.9465465546 -15.9465465546 -22.1729507446 337.2337646484 447.0366516113 371.7596740723 -103.3408813477 -90.4347763062 -16.2551841736 -5.8615021706 -15.9465465546 -15.9465465546 -15.9465465546 -15.9465465546 160.9701995850 442.8730773926 337.2916259766 -176.4003601074 -13.2252826691 34.0890464783 57.8962211609 13.9140586853 -24.4084148407 -15.9465465546 -15.9465465546 -15.9465465546 196.6342163086 295.2415161133 
198.8201293945 172.8053894043 218.4024658203 136.8553924561 167.8678588867 -58.7600135803 -19.0691738129 -15.9465465546 -15.9465465546 -15.9465465546 49.4976234436 164.6929168701 104.1149215698 81.2975082397 71.9611282349 -13.1086845398 -113.9488449097 -25.6548862457 -15.9465465546 -15.9465465546 -15.9465465546 -15.9465465546 -15.9465465546 -15.9465465546 -15.9465465546 -15.9465465546 -15.9465465546 -15.9465465546 -15.9465465546 -15.9465465546 -15.9465465546 -15.9465465546 
-62.1272544861 -70.1156234741 -194.0250091553 -15.3807983398 -42.0284233093 -43.7705841064 -40.3305816650 -44.3788223267 -60.1248893738 -62.1272544861 -62.1272544861 -62.1272544861 -62.1272544861 -34.9408264160 -36.3178405762 -53.2732238770 -25.7854270935 29.6326713562 -13.5217714310 137.0477142334 72.7662124634 -60.1248893738 -62.1272544861 -62.1272544861 -62.1272544861 -40.6513023376 50.6733856201 230.7818145752 350.5547790527 305.1833496094 172.0194702148 134.5068054199 
202.6320037842 40.4845886230 -62.1272544861 -62.1272544861 -62.1272544861 -62.1272544861 -39.0023078918 77.9986267090 220.9836120605 293.5320739746 271.4455566406 153.5904998779 403.3771362305 151.6994476318 -62.1272544861 -62.1272544861 -62.1272544861 -62.1272544861 -62.1272544861 -62.1272544861 -62.1272544861 -67.5583648682 -281.1163635254 586.0119018555 634.8028564453 155.8544921875 -62.1272544861 -62.1272544861 -62.1272544861 -62.1272544861 -62.1272544861 -62.1272544861 
-62.1272544861 -151.4541015625 184.7191925049 742.9532470703 575.0809326172 31.3984527588 -62.1272544861 -62.1272544861 -62.1272544861 -62.1272544861 -62.1272544861 -78.1619491577 -211.0108032227 59.0956916809 745.2041015625 750.4806518555 155.6000976562 -44.5981597900 -62.1272544861 -62.1272544861 -62.1272544861 -62.1272544861 -72.7308425903 -317.4396972656 353.2921447754 725.9962768555 708.5126953125 245.0622253418 -26.2789039612 -48.3490638733 -59.6634941101 -62.1272544861 
-62.1272544861 -62.1272544861 -102.2675781250 -4.6424832344 580.9258422852 586.0696411133 148.6231842041 -55.5092086792 12.4103965759 86.4688949585 12.8701162338 -62.1272544861 -62.1272544861 -62.1272544861 -66.8715362549 142.5807647705 337.9035034180 224.9516448975 165.1019287109 210.5173339844 307.2727661133 163.5472106934 -6.0588526726 -62.1272544861 -62.1272544861 -62.1272544861 -31.2308120728 185.4318237305 394.4989318848 349.6011352539 362.1180114746 350.1831970215 
338.1294555664 94.3606262207 -30.7406234741 -62.1272544861 -62.1272544861 -62.1272544861 -62.1272544861 13.8372030258 54.0124893188 98.8676147461 117.2903594971 97.1131134033 -9.9603204727 -56.3800163269 -62.1272544861 -62.1272544861 -93.1817321777 -100.9120788574 24.6408023834 210.7682189941 284.6481323242 177.1874389648 73.3333129883 -27.9279060364 -86.0995635986 -93.1817321777 -93.1817321777 -93.1817321777 -93.1817321777 -92.8441085815 -186.1416778564 207.1159973145 
312.3468017578 349.4324035645 357.0604858398 321.6178283691 158.3142547607 -86.0995635986 -93.1817321777 -93.1817321777 -93.1817321777 -93.1785049438 -93.1162033081 -82.6815567017 85.6105575562 192.0990447998 262.8859863281 460.3097839355 428.0015563965 91.0340728760 -93.1817321777 -93.1817321777 -93.1817321777 -93.1817321777 -93.1423568726 -93.1685028076 -95.3704452515 -17.5698261261 -25.4093303680 407.5535278320 628.9816284180 275.6014099121 -93.1817321777 -93.1817321777 
-93.1817321777 -93.1817321777 -93.1817321777 -93.1817321777 -93.1817321777 -91.2492294312 -84.1360626221 231.7027740479 670.8460693359 292.7507629395 -93.1817321777 -93.1817321777 -93.1817321777 -93.1817321777 -93.1817321777 -93.1817321777 -71.4230194092 -40.0326423645 61.9846954346 452.2357177734 545.5562744141 108.3600616455 -93.1817321777 -93.1817321777 -93.1817321777 -93.1817321777 -88.8271942139 -71.7232742310 50.8940773010 170.1358795166 260.4109191895 496.7982788086 
331.1716308594 -74.5050659180 -93.1817321777 -93.1817321777 -93.1817321777 -93.1817321777 -91.0044631958 -47.6410598755 243.1560974121 278.6423950195 387.4976501465 391.0610046387 -34.0754814148 -37.3443756104 -85.5876693726 -93.1817321777 -93.1817321777 -93.1817321777 -112.8404388428 -103.2810745239 646.9356079102 734.4022827148 456.1392822266 256.5322875977 162.2051849365 156.4726257324 -10.1730089188 -93.1817321777 -93.1817321777 -93.1817321777 -91.4940795898 -216.0356750488 
547.3442993164 561.0852050781 260.8911437988 255.4386596680 171.4888458252 122.6987609863 19.4736690521 -93.1817321777 -93.1817321777 -93.1817321777 -93.1291198730 -154.1787567139 105.4167938232 195.0163269043 118.5221557617 211.3110504150 132.3747558594 135.6595458984 -49.8864784241 -93.1817321777 -93.1817321777 -93.1817321777 -93.1817321777 -93.1455841064 -39.5608520508 -49.3528862000 -50.9176559448 -11.7893886566 -24.3139171600 -87.0582351685 -93.1817321777 -93.1817321777 
17.3411788940 9.8969526291 -65.2906799316 29.0388965607 73.0678176880 47.2005844116 51.9657707214 56.5041847229 25.5368900299 17.3411788940 17.3411788940 17.3411788940 17.3411788940 35.4227485657 -21.0919551849 -191.0837249756 -118.9525604248 -44.8839874268 -15.1427583694 86.0131454468 149.1348876953 25.5368900299 17.3411788940 17.3411788940 17.3411788940 25.9990520477 68.1136093140 74.0404663086 4.5837635994 -24.2201976776 -45.0072822571 54.5156250000 
201.0322265625 183.8953247070 17.3411788940 17.3411788940 17.3411788940 17.3411788940 26.6803798676 59.4742889404 63.6989021301 46.5387840271 -1.4825928211 -299.3490905762 276.5415344238 305.1247253418 17.3411788940 17.3411788940 17.3411788940 17.3411788940 17.3411788940 17.3411788940 17.3411788940 17.9626483917 -102.6211929321 47.1335754395 291.7444458008 233.9463653564 17.3411788940 17.3411788940 17.3411788940 17.3411788940 17.3411788940 17.3411788940 
21.8394279480 -5.6881732941 -179.9523010254 423.7681274414 354.0612487793 30.3870754242 17.3411788940 17.3411788940 17.3411788940 17.3411788940 19.7678661346 19.1759910583 -58.2319297791 -200.5480499268 366.7564086914 379.9423828125 75.2653274536 17.3411788940 17.3411788940 17.3411788940 17.3411788940 17.3411788940 18.5545234680 -143.6793670654 24.3946399689 367.4058227539 405.6083374023 133.8158569336 11.7867946625 57.3360328674 21.2438983917 17.3411788940 
17.3411788940 17.3411788940 -8.1620521545 -240.1705474854 252.9519805908 378.8817749023 50.9428443909 -15.5953512192 -34.1644248962 101.6173248291 78.8867416382 17.3411788940 17.3411788940 17.3411788940 20.4138717651 -96.5710372925 -103.6183547974 11.7961206436 -16.8916587830 120.9130706787 205.7496948242 169.5366821289 97.1263809204 17.3411788940 17.3411788940 17.3411788940 42.3580398560 75.4926605225 79.9839477539 78.9156799316 69.1883468628 136.2355499268 
182.5081176758 37.0843048096 17.3411788940 17.3411788940 17.3411788940 17.3411788940 17.3411788940 47.8479499817 47.2433319092 26.1524906158 39.1128120422 17.3411788940 17.3411788940 17.3411788940 17.3411788940 17.3411788940 80.0606002808 78.6631164551 75.6938247681 90.0615615845 99.6553649902 104.6347503662 93.9326553345 84.4891204834 80.2233657837 80.0606002808 80.0606002808 80.0606002808 80.0606002808 77.5558547974 -34.0562057495 -77.7381591797 
-7.4612412453 55.6523361206 77.2395782471 98.9427108765 84.7327117920 80.2233657837 80.0606002808 80.0606002808 80.0606002808 80.0606002808 60.2502441406 -114.6713943481 -245.1068725586 -218.4851989746 -113.0268859863 -5.2437100410 84.1088790894 81.9103546143 80.0606002808 80.0606002808 80.0606002808 80.0606002808 80.0606002808 80.0606002808 61.9800834656 0.6808652282 -89.2905426025 -207.9668273926 37.9705657959 78.0348587036 80.0606002808 80.0606002808 
80.0606002808 80.0606002808 80.0606002808 80.0606002808 80.0606002808 93.8207397461 72.7454299927 -242.8614959717 -121.5958480835 76.3533554077 80.0606002808 80.0606002808 80.0606002808 80.0606002808 80.0606002808 80.0606002808 117.6818923950 91.9542388916 -66.8709793091 -247.9643707275 -42.5431327820 75.5568313599 80.0606002808 80.0606002808 80.0606002808 80.0606002808 85.6807479858 105.7308425903 97.3104324341 -26.9087009430 -247.2265930176 -117.6299972534 
40.8898811340 80.0606002808 80.0606002808 80.0606002808 80.0606002808 80.0606002808 97.4195098877 80.7242584229 -55.6117744446 -220.0279235840 -167.3609924316 30.3676548004 86.3427276611 94.9745483398 81.4795303345 80.0606002808 80.0606002808 80.0606002808 69.3397369385 -58.6378746033 -228.0514984131 -166.2052001953 -20.1008605957 73.1021804810 102.5248413086 81.8584747314 86.5620346069 80.0606002808 80.0606002808 80.0606002808 75.1678085327 -188.3162994385 
-309.7640380859 -180.9743041992 -74.2364120483 -52.3502426147 9.7006254196 55.2184104919 83.7186813354 80.0606002808 80.0606002808 80.0606002808 80.0606002808 7.7480950356 -157.2200317383 -211.9837799072 -214.8241119385 -170.5651702881 -12.6332139969 66.3241195679 80.0606002808 80.0606002808 80.0606002808 80.0606002808 80.0606002808 80.0606002808 80.0606002808 80.0606002808 80.0606002808 80.0606002808 80.0606002808 80.0606002808 80.0606002808 80.0606002808 
-36.5753707886 77.5457992554 227.8849639893 111.0432357788 -132.9577178955 -58.4330825806 -36.5753707886 -36.5753707886 -36.5753707886 -36.5753707886 -36.5753707886 -36.5753707886 -36.5753707886 -27.7685031891 328.1009826660 418.4402465820 545.3223876953 383.8508911133 175.1822814941 -162.3842315674 -50.9082946777 -36.5753707886 -36.5753707886 -36.5753707886 -36.5753707886 -36.5753707886 -4.0950393677 145.5212707520 398.8244018555 517.6199340820 534.8728637695 514.7441406250 
-90.0809631348 -43.7418327332 -36.5753707886 -36.5753707886 -36.5753707886 -36.5753707886 -36.5753707886 -36.5753707886 -39.5012588501 -58.4544448853 214.6529541016 388.7763061523 -48.8943634033 -41.5422325134 -36.5753707886 -36.5753707886 -36.5753707886 -36.5753707886 -36.5753707886 -36.5753707886 -36.5753707886 107.4017410278 258.6983947754 234.8496093750 -47.6881942749 -28.0567417145 -36.5753707886 -36.5753707886 -36.5753707886 -36.5753707886 -36.5753707886 -36.5753707886 
39.5072441101 229.3510131836 287.2835998535 64.0340118408 -13.1947574615 -40.7047424316 -36.5753707886 -36.5753707886 -36.5753707886 -36.5753707886 -31.0066242218 117.0484619141 168.6099395752 176.7034301758 94.2504501343 39.9352607727 -53.4901580811 -36.5753707886 -36.5753707886 -36.5753707886 -36.5753707886 -36.5753707886 137.6325225830 327.4234619141 159.1771545410 121.9878540039 142.8751220703 -28.0754947662 -27.5152282715 -36.5753707886 -36.5753707886 -36.5753707886 
-36.5753707886 -36.5753707886 197.5818481445 351.1665954590 259.9978637695 7.3036470413 -141.5573425293 -68.6255722046 -38.0144386292 -61.5729293823 -43.1640701294 -36.5753707886 -36.5753707886 -36.5753707886 66.9370803833 396.0590209961 412.8423461914 426.6401977539 437.0134582520 343.2008056641 139.0877532959 73.5218582153 5.8051033020 -36.5753707886 -36.5753707886 -36.5753707886 -36.5753707886 19.1869525909 86.1290206909 140.6444854736 158.2659454346 130.5992126465 
78.0368270874 -49.1699600220 -36.5753707886 -36.5753707886 -36.5753707886 -36.5753707886 -36.5753707886 -36.5753707886 -36.5753707886 -36.5753707886 -36.5753707886 -36.5753707886 -36.5753707886 -36.5753707886 -36.5753707886 -36.5753707886 -22.8932151794 37.9841766357 46.1020660400 98.0553283691 -54.2642440796 -27.5342712402 -22.8932151794 -22.8932151794 -22.8932151794 -22.8932151794 -22.8932151794 -22.8932151794 -22.8932151794 41.5965347290 71.1448516846 260.0701293945 
347.0721435547 354.7121276855 225.3375396729 88.5150146484 -25.9365310669 -22.8932151794 -22.8932151794 -22.8932151794 -22.8932151794 -22.8932151794 -46.6239204407 50.4599151611 157.7557983398 277.1470642090 291.5451049805 256.0453186035 133.3625183105 -24.4148750305 -22.8932151794 -22.8932151794 -22.8932151794 -22.8932151794 -22.8932151794 -22.8932151794 -47.6650390625 -100.7205505371 -76.8385162354 110.3109664917 231.5740814209 22.4661941528 -22.8932151794 -22.8932151794 
-22.8932151794 -22.8932151794 -22.8932151794 -22.8932151794 -22.8932151794 -25.4692440033 53.7254943848 121.8015213013 165.7941284180 42.2744216919 -22.8932151794 -22.8932151794 -22.8932151794 -22.8932151794 -22.8932151794 -22.8932151794 -22.8932151794 25.9989986420 134.6093750000 174.8492736816 61.4354896545 10.5169401169 -22.8932151794 -22.8932151794 -22.8932151794 -22.8932151794 -22.8932151794 -30.4986324310 52.9376831055 256.0016479492 200.5845184326 41.6571311951 
12.2502298355 7.0131368637 -22.8932151794 -22.8932151794 -22.8932151794 -22.8932151794 -27.9226036072 169.7871398926 276.8465576172 263.2653503418 -0.8775885105 3.9991490841 15.2019071579 -22.8932151794 -22.8932151794 -22.8932151794 -22.8932151794 -22.8932151794 59.8033027649 180.4911193848 175.3050689697 -62.8908462524 38.8983421326 17.2453975677 61.2979774475 114.3768310547 9.1046934128 -22.8932151794 -22.8932151794 -22.8932151794 18.1203784943 16.7986583710 
306.3317871094 354.4790039062 334.4669494629 287.8095092773 218.3916015625 108.9516296387 29.2294330597 -22.8932151794 -22.8932151794 -22.8932151794 -22.8932151794 -71.7300415039 -32.4911766052 -24.9361610413 7.0698175430 51.8333702087 -37.3369789124 23.9237957001 20.5530490875 -22.8932151794 -22.8932151794 -22.8932151794 -22.8932151794 -22.8932151794 -22.8932151794 -22.8932151794 -22.8932151794 -22.8932151794 5.1471319199 -13.0878496170 -22.8932151794 -22.8932151794 