
673.8106079102 807.6966552734 -31.3273944855 -483.1297302246 -176.7739562988 -458.3334960938 -330.5573425293 112.6098175049 80.8471755981 -51.4158668518 -117.9446640015 34.5163040161 1040.1612548828 1217.6296386719 1134.9273681641 491.8089599609 80.3540039062 -146.3728485107 -259.1181945801 339.9652404785 82.0090026855 -327.1913452148 1243.7947998047 504.6315002441 -363.2409667969 758.3920898438 1128.1873779297 -426.7939147949 181.6248168945 683.7208862305 -428.7626953125 -45.6855278015 
525.1208496094 869.0523681641 705.3238525391 -22.6449832916 164.0327911377 -351.4999694824 -208.1891174316 333.0632019043 -47.0053787231 -47.4647521973 330.4935913086 347.7138977051 175.8794250488 167.6106719971 329.9676818848 497.5409240723 -39.6725311279 -3.6002292633 801.2482299805 261.1077270508 78.7408370972 -70.3792037964 -131.2501983643 225.1407470703 585.4676513672 536.1278076172 -67.1993331909 -113.7145767212 203.2035522461 907.6708374023 444.4819641113 49.5176582336 
-595.8194580078 -160.6604614258 54.3613128662 621.0539550781 593.1155395508 787.7815551758 -499.4415893555 875.6488647461 768.0711669922 -454.0869445801 632.2523803711 533.4086303711 -185.6544036865 -33.1587982178 131.0780029297 106.4404296875 332.7974853516 581.7261352539 1317.2028808594 521.7091674805 -63.2875595093 287.6857604980 379.2140808105 124.5764007568 -42.6092987061 142.0004425049 142.9605102539 295.1252136230 110.6608047485 121.0232238770 -33.8664245605 -59.1139793396 
67.4857101440 -123.9412460327 232.1225280762 330.2247009277 2.8710877895 575.4689331055 540.1207885742 -24.8159809113 623.2929077148 630.1301269531 384.6477661133 401.9153442383 369.2667541504 534.0366821289 861.5308227539 337.9618225098 1134.4338378906 1538.5429687500 962.9229736328 -35.9561195374 -65.6888504028 -438.9339904785 -387.1979675293 114.4052276611 22.4621849060 -249.9455871582 -148.1915435791 45.7022247314 940.6015625000 799.2012939453 99.6290130615 94.5771636963 
-242.6808319092 976.3012695312 1627.6768798828 513.1884155273 145.4628753662 -159.0611267090 -486.1405334473 97.4731521606 292.9224548340 41.2901725769 -520.5415649414 -45.3917770386 568.7872314453 1376.3489990234 1600.2930908203 924.5068969727 547.7672119141 270.5574340820 83.0786666870 -184.9160308838 918.1517333984 1097.1597900391 30.0761566162 -273.1838073730 269.3220214844 -321.0659790039 424.0046081543 335.4515686035 -45.5112609863 677.4444580078 780.4249877930 192.6539306641 
-48.7545547485 9.5139026642 -75.4127807617 -78.1679840088 57.3189926147 314.1352233887 213.4754791260 -69.9618301392 343.4195556641 195.4579772949 -309.0997619629 -81.5873870850 202.1221008301 9.9253234863 -235.9695892334 -136.1501617432 41.6959915161 296.6364440918 329.3026428223 315.9692077637 -21.5636081696 313.4769897461 344.5066528320 288.0354919434 181.0603332520 373.1009826660 -14.6173353195 215.1469421387 142.2038574219 220.3942565918 321.0957946777 430.0286865234 
-177.4737854004 -152.2083129883 339.7761840820 136.4400634766 279.6164245605 238.1263580322 445.5763244629 -185.6853485107 205.9495086670 163.4508972168 373.4676513672 393.3990478516 -208.6439361572 -405.3176574707 -253.0358886719 -140.4487152100 195.1289672852 351.6596374512 132.5513763428 787.8554077148 180.3144531250 -273.0722656250 1025.8604736328 852.6500244141 -374.8892822266 925.8269042969 822.8198852539 437.2737426758 180.5927734375 -30.6355342865 25.3175220490 426.6717224121 
-98.9389572144 -214.0642242432 273.7167053223 300.8583374023 360.2744445801 716.4254760742 345.8685913086 -113.5927963257 554.1704711914 526.5604248047 232.9250183105 169.0893707275 312.2176513672 971.1416015625 715.1829833984 232.4121704102 -171.3354644775 90.3349533081 218.4561614990 474.1250305176 201.9328155518 43.7775611877 -657.2679443359 556.6190795898 306.7257995605 -129.4817657471 100.8383789062 152.7268218994 368.4710083008 -159.1343078613 106.7438812256 295.3526611328 
-215.4586486816 373.6451721191 939.8283081055 -214.5886993408 46.3369255066 -124.2522354126 -149.4014434814 -229.4700775146 832.9153442383 305.4215393066 -182.0782318115 -713.8286743164 1025.6159667969 672.2815551758 -175.3062438965 -152.5527496338 156.9560852051 78.4958877563 -380.5981140137 -139.2933044434 181.1466369629 170.9938659668 -740.1080932617 495.7808837891 -13.3738069534 -893.4454956055 -292.7947998047 779.4703979492 214.2621917725 -478.6741333008 -201.7357940674 -192.8831634521 
14.4715404510 -139.4371185303 687.4967041016 -318.3973083496 -217.7118072510 369.1080322266 615.8578491211 238.0163269043 544.5628662109 437.4152221680 -163.9364471436 203.6002655029 198.4578857422 -285.1091918945 -206.0181884766 -65.2976150513 -224.5653686523 31.3479576111 283.1711120605 515.1665039062 -78.7435913086 -272.6905212402 326.2842102051 443.0549621582 -33.3270988464 176.2639007568 360.2940368652 -77.6703567505 64.8119201660 -20.8149700165 191.8448028564 118.3549957275 
1147.4212646484 1487.7570800781 444.2557373047 -398.2521667480 292.1127929688 294.5598449707 610.8999023438 -161.1548614502 -434.1481628418 -423.4819641113 -126.1789016724 269.1324768066 297.6070556641 -46.4411468506 -213.5489044189 -304.8509216309 -253.3704528809 -349.5135192871 86.3271942139 326.3562011719 309.7881164551 830.0805053711 163.3159790039 -193.6841888428 313.2298583984 405.7275695801 -187.1085510254 124.0754470825 3.2374811172 18.6241073608 -110.1587295532 62.7010917664 
3.1901681423 104.1408157349 88.2036666870 336.3355712891 23.9774932861 140.9887542725 53.7207450867 387.3203430176 98.0426635742 166.1105804443 206.1920166016 324.3904113770 47.0982398987 410.1992187500 230.1818847656 -37.6284141541 554.6187133789 512.0976562500 -155.4696197510 191.7976684570 -89.0524139404 -210.2924499512 589.9996948242 480.2047424316 -96.9668197632 374.8566894531 396.1339416504 31.0492286682 349.3717651367 113.4007949829 59.3163871765 143.8887939453 
-13.2713699341 -30.5168228149 319.2330627441 110.6566925049 226.5416564941 597.5159301758 408.5272216797 318.8210144043 855.4539794922 689.5879516602 823.6113281250 686.3576660156 312.3898010254 368.6981811523 814.4597167969 -38.3278274536 268.7339782715 -56.6742820740 134.5008850098 300.6649780273 385.0629272461 472.8591613770 -42.2927742004 -269.5319824219 573.1943359375 120.7484130859 194.3494415283 124.0605773926 372.9294433594 1165.9780273438 1005.3192749023 472.5260009766 
219.8891448975 454.1336364746 -210.8643341064 173.7280883789 200.4270629883 323.8521728516 683.3555908203 580.3759155273 35.1413803101 207.5923767090 556.3043212891 125.1903076172 31.9511947632 -55.5881462097 288.4145202637 294.6396484375 -322.2110595703 297.1074218750 856.3199462891 740.2670288086 75.7375640869 21.4731464386 279.8716125488 506.5719299316 15.0709915161 149.4196319580 -221.7689514160 42.7386054993 -61.9190597534 228.1180419922 -106.7836151123 -128.7644653320 
1131.9918212891 1191.6387939453 881.8810424805 3.0720458031 350.3105163574 468.4111022949 152.9532470703 512.6986083984 -49.0867614746 23.7872409821 579.3410644531 529.9563598633 1283.2593994141 1346.9973144531 587.6952514648 153.3211059570 404.5989379883 -26.7448959351 497.6664428711 566.6514892578 458.1391601562 1324.3985595703 837.6165161133 -59.5571746826 654.1851196289 918.0467529297 1229.4868164062 972.6172485352 -93.8559417725 306.0012207031 484.2138366699 -5.7526412010 
830.2689208984 720.0738525391 -242.0715179443 358.8435363770 432.6455383301 542.4894409180 325.5001525879 231.9745330811 -122.1938552856 53.1844635010 435.9336547852 249.1056976318 67.9608612061 -218.1043853760 269.5617980957 390.4504394531 237.3057556152 22.3906383514 75.1648254395 581.0787963867 -84.8601150513 178.4788970947 817.2876586914 282.5247192383 201.2194519043 1271.2034912109 681.5136718750 5.0209088326 496.7995300293 361.4905395508 30.2984085083 170.7086486816 
108.4049682617 -356.4228515625 587.8221435547 186.9586639404 -125.6653060913 145.4207763672 871.8739013672 -756.6782836914 58.7049522400 738.1907348633 460.6083374023 -418.4639587402 639.8345947266 592.3473510742 -609.8607788086 -509.4624328613 0.1207332164 78.7205123901 -28.0664997101 15.5713863373 -13.1753368378 -84.2567977905 -386.5191040039 1157.0625000000 -89.2249832153 -809.2982788086 1327.3892822266 1373.1207275391 -804.0165405273 560.2728271484 828.2453613281 383.5568237305 
159.4388427734 -455.2786560059 -142.5346374512 29.6894321442 379.8789062500 1282.3482666016 113.1606445312 56.3042755127 1131.6541748047 487.3710632324 -381.5100402832 50.0799903870 757.2376708984 -165.3930816650 -63.8364372253 126.0833282471 158.1917419434 279.7920227051 431.2173461914 -641.0446166992 -123.6714553833 -506.6528625488 276.3422546387 -269.1010131836 -53.8042526245 -576.4048461914 -166.1011352539 -218.4708709717 625.4622192383 895.3907470703 -102.1904525757 -331.6905822754 
32.3282012939 -96.0345993042 -55.4556083679 93.5600204468 49.2949905396 121.4683761597 496.1140747070 798.4076538086 148.2022857666 -180.2859039307 1213.2460937500 246.1652679443 -76.2086410522 775.2081909180 203.5720977783 183.6023101807 -180.8992614746 78.2549667358 524.8731689453 -290.1469726562 377.1257629395 278.8058776855 362.1175537109 -24.7193546295 431.9127502441 9.2658500671 -339.0828857422 158.9755554199 379.4486694336 -323.7596130371 48.5240821838 -114.9331588745 
-66.3475341797 -241.8180847168 -86.6716613770 514.0339965820 319.4683837891 598.2266845703 44.6308670044 36.1090316772 606.9556884766 600.4075927734 120.4747314453 391.3049621582 198.4267425537 238.5406188965 1090.2701416016 673.4953002930 -189.5353698730 -508.5726318359 625.2534790039 300.2293395996 9.2928647995 1206.5849609375 853.5239257812 -65.6753997803 997.3773193359 1319.1492919922 -294.2358703613 119.7514724731 416.5199584961 -689.3656616211 -33.5196189880 155.9940948486 
269.4956359863 72.5532913208 -325.7474060059 -61.1845054626 267.3673400879 -224.4099273682 1131.9987792969 216.3798370361 -576.6140136719 335.0843811035 1006.2882690430 -339.8664550781 466.7036743164 1066.7197265625 -480.1721801758 67.7762222290 60.8426094055 -850.4320678711 639.6386108398 844.9183959961 222.4972839355 -205.3196716309 -250.3413085938 397.9359436035 64.9231567383 214.6167907715 -103.1241378784 -146.7706756592 -47.4746780396 544.6502075195 706.3231201172 556.8372192383 
508.4208679199 263.0268554688 -717.9682006836 403.1259460449 250.7483825684 143.7326354980 -52.2096481323 115.5112838745 -244.9448547363 -386.2911987305 -161.7542114258 65.3099060059 -372.9856262207 -101.5072250366 -57.4244384766 104.9171218872 -354.1462707520 190.8648986816 410.8391418457 717.1580200195 74.2392349243 -391.1849365234 55.2788352966 1165.0731201172 72.5621109009 -560.2981567383 -120.5877304077 -102.9576034546 -542.3847656250 -300.3132324219 -389.7091674805 46.3771286011 
-144.6769866943 167.5620269775 531.8374023438 772.2187500000 48.7151947021 310.7696228027 -35.9513168335 572.1048583984 261.1855163574 324.7329406738 -70.9328308105 315.5141296387 5.2653565407 -49.5435333252 255.0279083252 332.8660583496 -608.3934326172 1142.0502929688 2070.2697753906 913.5917968750 259.4061889648 235.7734222412 -277.2906494141 195.7571411133 473.5242309570 250.9359741211 -16.8691196442 -144.3146972656 -76.7689819336 601.4707031250 784.0980834961 591.5944213867 
180.9969329834 57.6003608704 -29.2055511475 -411.5605163574 350.0621643066 469.9601135254 138.5897827148 192.1190948486 314.3673400879 -156.3557891846 37.3858642578 412.6357421875 19.8746833801 -671.4602050781 -266.9215087891 -292.6802368164 30.9378471375 143.4373321533 758.1563720703 -309.4365234375 -78.6069946289 88.1992568970 445.4600219727 22.3367805481 321.4930725098 -84.9943466187 -271.2393798828 41.2795829773 284.7280883789 -300.4511108398 -268.9489440918 -44.0378456116 
643.6049804688 447.7208557129 418.0733032227 209.6786804199 51.3938560486 -605.5383911133 104.9418869019 -123.0929946899 -548.4044189453 63.4488372803 86.1548995972 3.4175448418 353.8071594238 434.9608154297 -452.4364624023 -121.1898422241 106.9184112549 -621.6522216797 -95.0592041016 556.6865234375 335.9325561523 615.9125366211 493.2678833008 -230.4030456543 428.9808349609 579.0359497070 214.6970062256 179.2646636963 -68.6114730835 -157.0979919434 405.2007141113 654.6386718750 