
0.0000000000 0.0000000000 0.0000000000 518.5803833008 1189.7231445312 0.0000000000 0.0000000000 799.8166503906 82.2374038696 0.0000000000 398.1930847168 627.0239868164 0.0000000000 0.0000000000 733.7664184570 479.7723999023 0.0000000000 156.5149993896 0.0000000000 258.6114807129 0.0000000000 0.0000000000 0.0000000000 0.0000000000 398.0632629395 98.0874633789 237.0731353760 959.6854858398 667.1338500977 0.0000000000 0.0000000000 0.0000000000 
718.7075195312 598.1943969727 0.0000000000 0.0000000000 0.0000000000 0.0000000000 0.0000000000 0.0000000000 0.0000000000 448.4695739746 0.0000000000 0.0000000000 465.7848205566 0.0000000000 0.0000000000 341.8617553711 0.0000000000 1827.2050781250 73.7155914307 504.5420532227 0.0000000000 0.0000000000 0.0000000000 0.0000000000 0.0000000000 0.0000000000 0.0000000000 0.0000000000 0.0000000000 0.0000000000 0.0000000000 0.0000000000 
886.8070068359 0.0000000000 0.0000000000 0.0000000000 0.0000000000 0.0000000000 0.0000000000 526.7616577148 0.0000000000 0.0000000000 346.1433410645 0.0000000000 0.0000000000 0.0000000000 0.0000000000 44.4116897583 0.0000000000 0.0000000000 0.0000000000 502.5618286133 0.0000000000 1292.6141357422 293.8527221680 55.7893905640 0.0000000000 0.0000000000 503.4121093750 0.0000000000 0.0000000000 0.0000000000 0.0000000000 0.0000000000 
174.8247070312 0.0000000000 0.0000000000 162.2744598389 0.0000000000 0.0000000000 125.1964874268 0.0000000000 380.3227233887 0.0000000000 0.0000000000 145.1119384766 0.0000000000 344.7668762207 1724.8321533203 158.8170623779 90.3352432251 0.0000000000 0.0000000000 0.0000000000 0.0000000000 104.9792327881 0.0000000000 0.0000000000 91.6077957153 0.0000000000 0.0000000000 0.0000000000 0.0000000000 0.0000000000 913.6783447266 0.0000000000 
0.0000000000 157.6267089844 0.0000000000 456.7425231934 355.1171569824 406.7161254883 651.2195434570 0.0000000000 0.0000000000 806.3405761719 0.0000000000 849.2760009766 28.7776603699 793.4274902344 37.1174697876 288.4564819336 290.4808349609 0.0000000000 0.0000000000 146.2339172363 0.0000000000 0.0000000000 0.0000000000 2169.4833984375 0.0000000000 61.0190696716 0.0000000000 0.0000000000 0.0000000000 0.0000000000 240.4730072021 0.0000000000 
294.9248046875 298.7180175781 0.0000000000 0.0000000000 471.4144592285 0.0000000000 0.0000000000 0.0000000000 961.3952636719 0.0000000000 0.0000000000 0.0000000000 730.6955566406 1046.3673095703 0.0000000000 151.0093383789 155.5525665283 210.7847595215 0.0000000000 74.3386535645 0.0000000000 24.0832977295 0.0000000000 0.0000000000 0.0000000000 335.0565185547 0.0000000000 636.9421997070 0.0000000000 332.5921630859 0.0000000000 93.7124176025 
0.0000000000 0.0000000000 286.8226013184 0.0000000000 0.0000000000 0.0000000000 0.0000000000 721.8814697266 0.0000000000 0.0000000000 0.0000000000 0.0000000000 1828.7114257812 1395.3065185547 0.0000000000 152.4868927002 1321.9329833984 0.0000000000 0.0000000000 476.6489868164 1004.9182128906 1581.2038574219 0.0000000000 344.3514709473 0.0000000000 428.3573913574 0.0000000000 0.0000000000 0.0000000000 0.0000000000 620.0034790039 0.0000000000 
645.3536376953 751.7388916016 0.0000000000 0.0000000000 0.0000000000 1178.9139404297 222.3977050781 36.8560333252 0.0000000000 0.0000000000 0.0000000000 46.4424018860 0.0000000000 1067.0943603516 1208.8406982422 61.3582344055 0.0000000000 0.0000000000 428.6828918457 0.0000000000 0.0000000000 334.2097778320 82.6020202637 0.0000000000 0.0000000000 307.7800903320 178.5278625488 0.0000000000 0.0000000000 0.0000000000 0.0000000000 0.0000000000 
0.0000000000 38.6840057373 116.2955398560 890.7706909180 92.6534194946 0.0000000000 1057.4821777344 0.0000000000 141.9708099365 0.0000000000 0.0000000000 0.0000000000 153.0236968994 37.8788414001 0.0000000000 0.0000000000 0.0000000000 0.0000000000 0.0000000000 243.6613464355 67.0036773682 563.3085327148 180.9131317139 0.0000000000 0.0000000000 0.0000000000 0.0000000000 0.0000000000 768.1862792969 0.0000000000 413.6011962891 0.0000000000 
859.6121826172 0.0000000000 0.0000000000 305.5522460938 0.0000000000 0.0000000000 445.2105407715 0.0000000000 0.0000000000 0.0000000000 248.7202911377 0.0000000000 0.0000000000 804.9055786133 0.0000000000 0.0000000000 302.6884155273 698.5571289062 0.0000000000 0.0000000000 4.8863549232 0.0000000000 691.9607543945 1097.4620361328 0.0000000000 447.7609558105 283.0301513672 0.0000000000 0.0000000000 0.0000000000 0.0000000000 1005.5642700195 
0.0000000000 437.3099365234 166.1151580811 0.0000000000 0.0000000000 0.0000000000 659.4985351562 174.8319091797 0.0000000000 816.1608276367 0.0000000000 0.0000000000 0.0000000000 0.0000000000 508.4160156250 1766.3239746094 577.1997680664 211.8959197998 0.0000000000 272.8802795410 231.0811462402 0.0000000000 1115.2141113281 0.0000000000 0.0000000000 0.0000000000 0.0000000000 0.0000000000 292.8391723633 0.0000000000 132.5859985352 594.6573486328 
508.6552124023 0.0000000000 138.2385406494 264.2231445312 24.2945232391 317.3353576660 0.0000000000 0.0000000000 832.3719482422 0.0000000000 815.4854125977 312.6629638672 323.3346252441 0.0000000000 0.0000000000 1071.9975585938 0.0000000000 0.0000000000 0.0000000000 0.0000000000 391.6320495605 15.2342081070 0.0000000000 0.0000000000 76.8036422729 0.0000000000 0.0000000000 584.2442016602 176.6604003906 0.0000000000 165.0671844482 14.0906276703 
838.3754272461 118.6472778320 0.0000000000 952.6358642578 0.0000000000 399.4154052734 199.3801879883 0.0000000000 0.0000000000 97.5774536133 0.0000000000 0.0000000000 0.0000000000 426.2574768066 167.7631225586 0.0000000000 0.0000000000 0.0000000000 0.0000000000 742.5494995117 197.2998657227 0.0000000000 0.0000000000 981.3770751953 652.7715454102 0.0000000000 321.9102172852 0.0000000000 0.0000000000 473.1331481934 0.0000000000 699.1287841797 
0.0000000000 1404.7387695312 0.0000000000 0.0000000000 550.9083862305 354.5068664551 0.0000000000 0.0000000000 0.0000000000 0.0000000000 220.5293579102 1583.1837158203 0.0000000000 687.8192749023 80.0744247437 0.0000000000 19.5758876801 1355.8187255859 0.0000000000 0.0000000000 537.4027099609 0.0000000000 0.0000000000 0.0000000000 840.9879760742 335.3077087402 0.0000000000 0.0000000000 0.0000000000 29.8673801422 0.0000000000 342.6340332031 
0.0000000000 0.0000000000 294.1296691895 720.3140869141 12.0079135895 241.0785675049 0.0000000000 162.0740509033 333.3747863770 0.0000000000 552.8723144531 0.0000000000 0.0000000000 429.1952819824 0.0000000000 35.0333023071 479.8521423340 271.9952392578 0.0000000000 0.0000000000 0.0000000000 1124.9101562500 0.0000000000 0.0000000000 0.0000000000 779.7222290039 249.8035736084 49.5893821716 471.8326721191 0.0000000000 0.0000000000 0.0000000000 
1863.6191406250 0.0000000000 0.0000000000 548.8856201172 321.1139526367 0.0000000000 0.0000000000 635.0780639648 0.0000000000 0.0000000000 420.5257873535 0.0000000000 0.0000000000 0.0000000000 0.0000000000 0.0000000000 1108.7531738281 0.0000000000 318.2209167480 0.0000000000 